runName,time,JLE,tp,fp,tn,fn,accuracy,ttfd,vSpeed
2845531231,4.00000,122.73174,5,0,147,0,0.00000,4.00000,0.00000
2845531231,6.00000,122.73174,5,0,147,0,0.00000,4.00000,0.00000
2845531231,8.00000,122.73174,5,0,147,0,0.00000,4.00000,0.00000
2845531231,10.00000,122.73174,5,0,147,0,0.00000,4.00000,0.00000
2845531231,12.00000,122.73174,5,0,147,0,0.00000,4.00000,0.00000
2845531231,14.00000,122.73174,5,0,147,0,0.00000,4.00000,0.00000
2845531231,16.00000,122.73174,5,0,147,0,0.00000,4.00000,0.00000
2845531231,18.00000,122.73174,5,0,147,0,0.00000,4.00000,0.00000
2845531231,20.00000,122.73174,5,0,147,0,0.00000,4.00000,0.00000
2845531231,22.00000,122.73174,5,0,147,0,0.00000,4.00000,0.00000
2845531231,24.00000,122.73174,5,0,147,0,0.00000,4.00000,0.00000
2845531231,26.00000,122.73174,5,0,147,0,0.00000,4.00000,0.00000
2845531231,28.00000,122.73174,5,0,147,0,0.00000,4.00000,0.00000
2845531231,30.00000,122.73174,5,0,147,0,0.00000,4.00000,0.00000
194758406,4.00000,57.80781,4,0,147,1,0.00000,4.00000,0.00000
194758406,6.00000,57.80781,4,0,147,1,0.00000,4.00000,0.00000
194758406,8.00000,57.80781,4,0,147,1,0.00000,4.00000,0.00000
194758406,10.00000,57.80781,4,0,147,1,0.00000,4.00000,0.00000
194758406,12.00000,57.80781,4,0,147,1,0.00000,4.00000,0.00000
194758406,14.00000,57.80781,4,0,147,1,0.00000,4.00000,0.00000
194758406,16.00000,57.80781,4,0,147,1,0.00000,4.00000,0.00000
194758406,18.00000,57.80781,4,0,147,1,0.00000,4.00000,0.00000
194758406,20.00000,57.80781,4,0,147,1,0.00000,4.00000,0.00000
194758406,22.00000,57.80781,4,0,147,1,0.00000,4.00000,0.00000
194758406,24.00000,57.80781,4,0,147,1,0.00000,4.00000,0.00000
194758406,26.00000,57.80781,4,0,147,1,0.00000,4.00000,0.00000
194758406,28.00000,57.80781,4,0,147,1,0.00000,4.00000,0.00000
194758406,30.00000,57.80781,4,0,147,1,0.00000,4.00000,0.00000
1386734203,4.00000,43.08276,8,0,147,0,0.00000,4.00000,0.00000
1386734203,6.00000,43.08276,8,0,147,0,0.00000,4.00000,0.00000
1386734203,8.00000,43.08276,8,0,147,0,0.00000,4.00000,0.00000
1386734203,10.00000,43.08276,8,0,147,0,0.00000,4.00000,0.00000
1386734203,12.00000,43.08276,8,0,147,0,0.00000,4.00000,0.00000
1386734203,14.00000,43.08276,8,0,147,0,0.00000,4.00000,0.00000
1386734203,16.00000,43.08276,8,0,147,0,0.00000,4.00000,0.00000
1386734203,18.00000,43.08276,8,0,147,0,0.00000,4.00000,0.00000
1386734203,20.00000,43.08276,8,0,147,0,0.00000,4.00000,0.00000
1386734203,22.00000,43.08276,8,0,147,0,0.00000,4.00000,0.00000
1386734203,24.00000,43.08276,8,0,147,0,0.00000,4.00000,0.00000
1386734203,26.00000,43.08276,8,0,147,0,0.00000,4.00000,0.00000
1386734203,28.00000,43.08276,8,0,147,0,0.00000,4.00000,0.00000
1386734203,30.00000,43.08276,8,0,147,0,0.00000,4.00000,0.00000
612459529,4.00000,29.96959,5,0,147,0,0.00000,4.00000,0.00000
612459529,6.00000,29.96959,5,0,147,0,0.00000,4.00000,0.00000
612459529,8.00000,29.96959,5,0,147,0,0.00000,4.00000,0.00000
612459529,10.00000,29.96959,5,0,147,0,0.00000,4.00000,0.00000
612459529,12.00000,29.96959,5,0,147,0,0.00000,4.00000,0.00000
612459529,14.00000,29.96959,5,0,147,0,0.00000,4.00000,0.00000
612459529,16.00000,29.96959,5,0,147,0,0.00000,4.00000,0.00000
612459529,18.00000,29.96959,5,0,147,0,0.00000,4.00000,0.00000
612459529,20.00000,29.96959,5,0,147,0,0.00000,4.00000,0.00000
612459529,22.00000,29.96959,5,0,147,0,0.00000,4.00000,0.00000
612459529,24.00000,29.96959,5,0,147,0,0.00000,4.00000,0.00000
612459529,26.00000,29.96959,5,0,147,0,0.00000,4.00000,0.00000
612459529,28.00000,29.96959,5,0,147,0,0.00000,4.00000,0.00000
612459529,30.00000,29.96959,5,0,147,0,0.00000,4.00000,0.00000
3002100647,4.00000,33.69012,7,0,147,0,0.00000,4.00000,0.00000
3002100647,6.00000,33.69012,7,0,147,0,0.00000,4.00000,0.00000
3002100647,8.00000,33.69012,7,0,147,0,0.00000,4.00000,0.00000
3002100647,10.00000,33.69012,7,0,147,0,0.00000,4.00000,0.00000
3002100647,12.00000,33.69012,7,0,147,0,0.00000,4.00000,0.00000
3002100647,14.00000,33.69012,7,0,147,0,0.00000,4.00000,0.00000
3002100647,16.00000,33.69012,7,0,147,0,0.00000,4.00000,0.00000
3002100647,18.00000,33.69012,7,0,147,0,0.00000,4.00000,0.00000
3002100647,20.00000,33.69012,7,0,147,0,0.00000,4.00000,0.00000
3002100647,22.00000,33.69012,7,0,147,0,0.00000,4.00000,0.00000
3002100647,24.00000,33.69012,7,0,147,0,0.00000,4.00000,0.00000
3002100647,26.00000,33.69012,7,0,147,0,0.00000,4.00000,0.00000
3002100647,28.00000,33.69012,7,0,147,0,0.00000,4.00000,0.00000
3002100647,30.00000,33.69012,7,0,147,0,0.00000,4.00000,0.00000
2845531231,4.00000,122.73174,5,0,147,2,0.00000,4.00000,5.00000
2845531231,6.00000,116.67710,6,0,147,2,0.00000,4.00000,5.00000
2845531231,8.00000,109.96096,5,0,147,3,0.00000,4.00000,5.00000
2845531231,10.00000,116.67710,7,0,147,2,0.00000,4.00000,5.00000
2845531231,12.00000,116.67710,7,0,147,2,0.00000,4.00000,5.00000
2845531231,14.00000,116.67710,7,0,147,3,0.00000,4.00000,5.00000
2845531231,16.00000,129.68404,9,0,147,1,0.00000,4.00000,5.00000
2845531231,18.00000,129.68404,9,0,147,1,0.00000,4.00000,5.00000
2845531231,20.00000,129.68404,9,0,147,1,0.00000,4.00000,5.00000
2845531231,22.00000,129.68404,9,0,147,1,0.00000,4.00000,5.00000
2845531231,24.00000,129.68404,9,0,147,1,0.00000,4.00000,5.00000
2845531231,26.00000,128.99195,10,0,147,1,0.00000,4.00000,5.00000
2845531231,28.00000,128.99195,11,0,147,0,0.00000,4.00000,5.00000
2845531231,30.00000,123.86065,12,0,147,0,0.00000,4.00000,5.00000
194758406,4.00000,20.00658,5,0,147,3,0.00000,4.00000,5.00000
194758406,6.00000,20.00658,5,0,147,4,0.00000,4.00000,5.00000
194758406,8.00000,31.09447,7,0,147,4,0.00000,4.00000,5.00000
194758406,10.00000,24.85004,9,0,147,4,0.00000,4.00000,5.00000
194758406,12.00000,24.85004,9,0,147,4,0.00000,4.00000,5.00000
194758406,14.00000,28.18660,10,0,147,3,0.00000,4.00000,5.00000
194758406,16.00000,28.18660,10,0,147,3,0.00000,4.00000,5.00000
194758406,18.00000,28.18660,10,0,147,3,0.00000,4.00000,5.00000
194758406,20.00000,27.17196,11,0,147,2,0.00000,4.00000,5.00000
194758406,22.00000,27.17196,11,0,147,2,0.00000,4.00000,5.00000
194758406,24.00000,27.17196,11,0,147,2,0.00000,4.00000,5.00000
194758406,26.00000,27.17196,11,0,147,2,0.00000,4.00000,5.00000
194758406,28.00000,27.17196,11,0,147,2,0.00000,4.00000,5.00000
194758406,30.00000,36.77763,12,0,147,3,0.00000,4.00000,5.00000
1386734203,4.00000,23.50230,8,1,146,1,0.00000,4.00000,5.00000
1386734203,6.00000,23.50230,8,1,146,1,0.00000,4.00000,5.00000
1386734203,8.00000,19.85224,10,1,146,1,0.00000,4.00000,5.00000
1386734203,10.00000,19.85224,10,1,146,1,0.00000,4.00000,5.00000
1386734203,12.00000,29.96148,11,1,146,1,0.00000,4.00000,5.00000
1386734203,14.00000,29.96148,11,1,146,1,0.00000,4.00000,5.00000
1386734203,16.00000,29.96148,11,1,146,1,0.00000,4.00000,5.00000
1386734203,18.00000,37.95807,13,0,147,1,0.00000,4.00000,5.00000
1386734203,20.00000,37.95807,13,0,147,1,0.00000,4.00000,5.00000
1386734203,22.00000,37.95807,13,0,147,2,0.00000,4.00000,5.00000
1386734203,24.00000,37.95807,15,0,147,1,0.00000,4.00000,5.00000
1386734203,26.00000,37.74007,16,0,147,1,0.00000,4.00000,5.00000
1386734203,28.00000,37.74007,16,0,147,1,0.00000,4.00000,5.00000
1386734203,30.00000,37.74007,16,0,147,1,0.00000,4.00000,5.00000
612459529,4.00000,22.00063,7,0,147,0,0.00000,4.00000,5.00000
612459529,6.00000,25.14673,8,0,147,1,0.00000,4.00000,5.00000
612459529,8.00000,15.63328,9,0,147,0,0.00000,4.00000,5.00000
612459529,10.00000,15.63328,9,0,147,0,0.00000,4.00000,5.00000
612459529,12.00000,15.63328,9,0,147,0,0.00000,4.00000,5.00000
612459529,14.00000,15.63328,9,0,147,0,0.00000,4.00000,5.00000
612459529,16.00000,15.63328,9,0,147,0,0.00000,4.00000,5.00000
612459529,18.00000,15.63328,9,0,147,0,0.00000,4.00000,5.00000
612459529,20.00000,15.63328,9,0,147,0,0.00000,4.00000,5.00000
612459529,22.00000,15.63328,9,0,147,1,0.00000,4.00000,5.00000
612459529,24.00000,29.26051,10,0,147,0,0.00000,4.00000,5.00000
612459529,26.00000,29.26051,10,0,147,0,0.00000,4.00000,5.00000
612459529,28.00000,29.26051,10,0,147,0,0.00000,4.00000,5.00000
612459529,30.00000,29.26051,10,0,147,0,0.00000,4.00000,5.00000
3002100647,4.00000,21.30913,6,0,147,2,0.00000,4.00000,5.00000
3002100647,6.00000,23.47595,7,0,147,1,0.00000,4.00000,5.00000
3002100647,8.00000,23.47595,7,0,147,1,0.00000,4.00000,5.00000
3002100647,10.00000,23.47595,7,0,147,1,0.00000,4.00000,5.00000
3002100647,12.00000,27.61950,8,0,147,2,0.00000,4.00000,5.00000
3002100647,14.00000,22.26191,10,0,147,1,0.00000,4.00000,5.00000
3002100647,16.00000,22.26191,10,0,147,2,0.00000,4.00000,5.00000
3002100647,18.00000,27.12798,12,0,147,0,0.00000,4.00000,5.00000
3002100647,20.00000,27.12798,12,0,147,0,0.00000,4.00000,5.00000
3002100647,22.00000,27.12798,12,0,147,0,0.00000,4.00000,5.00000
3002100647,24.00000,27.12798,12,0,147,0,0.00000,4.00000,5.00000
3002100647,26.00000,27.12798,12,0,147,0,0.00000,4.00000,5.00000
3002100647,28.00000,27.12798,12,0,147,0,0.00000,4.00000,5.00000
3002100647,30.00000,29.84794,13,0,147,0,0.00000,4.00000,5.00000
2845531231,4.00000,102.47945,4,0,147,3,0.00000,4.00000,10.00000
2845531231,6.00000,113.23958,7,0,147,2,0.00000,4.00000,10.00000
2845531231,8.00000,113.23958,8,0,147,2,0.00000,4.00000,10.00000
2845531231,10.00000,118.54203,10,0,147,0,0.00000,4.00000,10.00000
2845531231,12.00000,118.51434,11,0,147,1,0.00000,4.00000,10.00000
2845531231,14.00000,123.55901,12,0,147,0,0.00000,4.00000,10.00000
2845531231,16.00000,123.55901,12,0,147,0,0.00000,4.00000,10.00000
2845531231,18.00000,124.55399,13,1,146,0,0.00000,4.00000,10.00000
2845531231,20.00000,124.55399,13,1,146,0,0.00000,4.00000,10.00000
2845531231,22.00000,120.92725,14,0,147,0,0.00000,4.00000,10.00000
2845531231,24.00000,120.92725,14,0,147,0,0.00000,4.00000,10.00000
2845531231,26.00000,120.92725,14,0,147,0,0.00000,4.00000,10.00000
2845531231,28.00000,120.92725,14,0,147,0,0.00000,4.00000,10.00000
2845531231,30.00000,116.72354,15,0,147,0,0.00000,4.00000,10.00000
194758406,4.00000,30.04724,5,0,147,3,0.00000,4.00000,10.00000
194758406,6.00000,34.85579,8,0,147,3,0.00000,4.00000,10.00000
194758406,8.00000,32.07412,9,0,147,2,0.00000,4.00000,10.00000
194758406,10.00000,32.07412,9,0,147,2,0.00000,4.00000,10.00000
194758406,12.00000,25.67877,10,0,147,3,0.00000,4.00000,10.00000
194758406,14.00000,16.51364,12,0,147,2,0.00000,4.00000,10.00000
194758406,16.00000,16.51364,13,0,147,3,0.00000,4.00000,10.00000
194758406,18.00000,16.51364,14,0,147,2,0.00000,4.00000,10.00000
194758406,20.00000,17.59111,15,0,147,2,0.00000,4.00000,10.00000
194758406,22.00000,16.46608,16,0,147,2,0.00000,4.00000,10.00000
194758406,24.00000,16.46608,16,0,147,2,0.00000,4.00000,10.00000
194758406,26.00000,16.46608,16,0,147,2,0.00000,4.00000,10.00000
194758406,28.00000,16.46608,17,0,147,3,0.00000,4.00000,10.00000
194758406,30.00000,15.22523,18,0,147,2,0.00000,4.00000,10.00000
1386734203,4.00000,26.15837,8,1,146,3,0.00000,4.00000,10.00000
1386734203,6.00000,44.61699,10,1,146,4,0.00000,4.00000,10.00000
1386734203,8.00000,38.16298,12,1,146,2,0.00000,4.00000,10.00000
1386734203,10.00000,34.65102,14,1,146,2,0.00000,4.00000,10.00000
1386734203,12.00000,37.72354,16,1,146,4,0.00000,4.00000,10.00000
1386734203,14.00000,45.71282,18,1,146,5,0.00000,4.00000,10.00000
1386734203,16.00000,45.12202,21,1,146,6,0.00000,4.00000,10.00000
1386734203,18.00000,45.12202,22,1,146,6,0.00000,4.00000,10.00000
1386734203,20.00000,46.71786,24,1,146,5,0.00000,4.00000,10.00000
1386734203,22.00000,45.16663,26,1,146,4,0.00000,4.00000,10.00000
1386734203,24.00000,45.16663,27,1,146,3,0.00000,4.00000,10.00000
1386734203,26.00000,45.62932,28,1,146,4,0.00000,4.00000,10.00000
1386734203,28.00000,45.62932,29,1,146,3,0.00000,4.00000,10.00000
1386734203,30.00000,49.35723,31,1,146,2,0.00000,4.00000,10.00000
612459529,4.00000,19.60522,5,0,147,3,0.00000,4.00000,10.00000
612459529,6.00000,33.05679,7,0,147,3,0.00000,4.00000,10.00000
612459529,8.00000,42.73813,10,0,147,3,0.00000,4.00000,10.00000
612459529,10.00000,52.63301,11,0,147,3,0.00000,4.00000,10.00000
612459529,12.00000,61.38422,14,1,146,2,0.00000,4.00000,10.00000
612459529,14.00000,61.38422,15,1,146,2,0.00000,4.00000,10.00000
612459529,16.00000,58.87445,16,1,146,3,0.00000,4.00000,10.00000
612459529,18.00000,58.87445,16,1,146,3,0.00000,4.00000,10.00000
612459529,20.00000,53.50572,17,1,146,3,0.00000,4.00000,10.00000
612459529,22.00000,59.60091,17,2,145,4,0.00000,4.00000,10.00000
612459529,24.00000,58.40784,19,3,144,3,0.00000,4.00000,10.00000
612459529,26.00000,60.79058,21,3,144,2,0.00000,4.00000,10.00000
612459529,28.00000,70.95759,22,2,145,3,0.00000,4.00000,10.00000
612459529,30.00000,68.04722,24,2,145,2,0.00000,4.00000,10.00000
3002100647,4.00000,23.51132,6,0,147,5,0.00000,4.00000,10.00000
3002100647,6.00000,26.19979,9,1,146,3,0.00000,4.00000,10.00000
3002100647,8.00000,38.20216,9,2,145,5,0.00000,4.00000,10.00000
3002100647,10.00000,35.59054,11,2,145,3,0.00000,4.00000,10.00000
3002100647,12.00000,35.59054,11,2,145,5,0.00000,4.00000,10.00000
3002100647,14.00000,20.43693,14,2,145,5,0.00000,4.00000,10.00000
3002100647,16.00000,18.24432,15,2,145,5,0.00000,4.00000,10.00000
3002100647,18.00000,18.24432,16,2,145,4,0.00000,4.00000,10.00000
3002100647,20.00000,18.24432,16,2,145,4,0.00000,4.00000,10.00000
3002100647,22.00000,12.37410,17,1,146,3,0.00000,4.00000,10.00000
3002100647,24.00000,2.07690,19,1,146,4,0.00000,4.00000,10.00000
3002100647,26.00000,7.43363,20,2,145,3,0.00000,4.00000,10.00000
3002100647,28.00000,7.43363,20,2,145,3,0.00000,4.00000,10.00000
3002100647,30.00000,23.08877,20,3,144,3,0.00000,4.00000,10.00000
2845531231,4.00000,128.66029,5,0,147,4,0.00000,4.00000,15.00000
2845531231,6.00000,131.94809,7,0,147,4,0.00000,4.00000,15.00000
2845531231,8.00000,116.01038,9,0,147,3,0.00000,4.00000,15.00000
2845531231,10.00000,112.20597,10,0,147,2,0.00000,4.00000,15.00000
2845531231,12.00000,96.11470,11,0,147,2,0.00000,4.00000,15.00000
2845531231,14.00000,92.28573,12,0,147,2,0.00000,4.00000,15.00000
2845531231,16.00000,98.28341,13,0,147,3,0.00000,4.00000,15.00000
2845531231,18.00000,78.19916,16,0,147,1,0.00000,4.00000,15.00000
2845531231,20.00000,82.86102,17,0,147,1,0.00000,4.00000,15.00000
2845531231,22.00000,83.23022,18,0,147,3,0.00000,4.00000,15.00000
2845531231,24.00000,82.06041,20,0,147,2,0.00000,4.00000,15.00000
2845531231,26.00000,81.41438,21,0,147,3,0.00000,4.00000,15.00000
2845531231,28.00000,78.77063,21,0,147,3,0.00000,4.00000,15.00000
2845531231,30.00000,85.15673,21,1,146,4,0.00000,4.00000,15.00000
194758406,4.00000,8.99161,7,0,147,4,0.00000,4.00000,15.00000
194758406,6.00000,38.43553,10,1,146,3,0.00000,4.00000,15.00000
194758406,8.00000,57.01333,11,2,145,3,0.00000,4.00000,15.00000
194758406,10.00000,51.80489,12,2,145,4,0.00000,4.00000,15.00000
194758406,12.00000,53.51383,13,2,145,4,0.00000,4.00000,15.00000
194758406,14.00000,49.95960,15,2,145,3,0.00000,4.00000,15.00000
194758406,16.00000,54.64490,16,2,145,3,0.00000,4.00000,15.00000
194758406,18.00000,54.64490,16,2,145,6,0.00000,4.00000,15.00000
194758406,20.00000,53.26184,18,2,145,5,0.00000,4.00000,15.00000
194758406,22.00000,53.26184,19,2,145,4,0.00000,4.00000,15.00000
194758406,24.00000,60.89717,20,3,144,5,0.00000,4.00000,15.00000
194758406,26.00000,62.18087,22,3,144,3,0.00000,4.00000,15.00000
194758406,28.00000,62.18087,22,3,144,4,0.00000,4.00000,15.00000
194758406,30.00000,62.28119,23,3,144,5,0.00000,4.00000,15.00000
1386734203,4.00000,26.90270,10,1,146,7,0.00000,4.00000,15.00000
1386734203,6.00000,29.81101,13,1,146,9,0.00000,4.00000,15.00000
1386734203,8.00000,24.04939,21,1,146,5,0.00000,4.00000,15.00000
1386734203,10.00000,23.85719,22,1,146,6,0.00000,4.00000,15.00000
1386734203,12.00000,29.63886,23,2,145,7,0.00000,4.00000,15.00000
1386734203,14.00000,29.63886,25,2,145,5,0.00000,4.00000,15.00000
1386734203,16.00000,30.02340,26,2,145,6,0.00000,4.00000,15.00000
1386734203,18.00000,30.02340,29,2,145,4,0.00000,4.00000,15.00000
1386734203,20.00000,30.02340,29,2,145,4,0.00000,4.00000,15.00000
1386734203,22.00000,30.02340,29,2,145,4,0.00000,4.00000,15.00000
1386734203,24.00000,30.02340,29,2,145,4,0.00000,4.00000,15.00000
1386734203,26.00000,30.02340,29,2,145,5,0.00000,4.00000,15.00000
1386734203,28.00000,28.73165,31,2,145,4,0.00000,4.00000,15.00000
1386734203,30.00000,31.94217,31,3,144,4,0.00000,4.00000,15.00000
612459529,4.00000,23.96985,5,0,147,4,0.00000,4.00000,15.00000
612459529,6.00000,19.64432,9,0,147,4,0.00000,4.00000,15.00000
612459529,8.00000,10.64044,12,0,147,3,0.00000,4.00000,15.00000
612459529,10.00000,10.64044,13,0,147,3,0.00000,4.00000,15.00000
612459529,12.00000,28.61415,14,0,147,3,0.00000,4.00000,15.00000
612459529,14.00000,21.44240,15,0,147,3,0.00000,4.00000,15.00000
612459529,16.00000,27.42237,17,1,146,4,0.00000,4.00000,15.00000
612459529,18.00000,32.09222,19,1,146,3,0.00000,4.00000,15.00000
612459529,20.00000,31.95364,20,0,147,3,0.00000,4.00000,15.00000
612459529,22.00000,47.21142,21,1,146,3,0.00000,4.00000,15.00000
612459529,24.00000,47.21142,22,1,146,3,0.00000,4.00000,15.00000
612459529,26.00000,56.71368,23,2,145,3,0.00000,4.00000,15.00000
612459529,28.00000,55.06814,24,3,144,3,0.00000,4.00000,15.00000
612459529,30.00000,55.06814,25,3,144,2,0.00000,4.00000,15.00000
3002100647,4.00000,29.47612,6,1,146,4,0.00000,4.00000,15.00000
3002100647,6.00000,48.27130,10,1,146,1,0.00000,4.00000,15.00000
3002100647,8.00000,26.96119,12,1,146,1,0.00000,4.00000,15.00000
3002100647,10.00000,33.92175,14,2,145,1,0.00000,4.00000,15.00000
3002100647,12.00000,24.89658,15,2,145,2,0.00000,4.00000,15.00000
3002100647,14.00000,29.50785,17,2,145,1,0.00000,4.00000,15.00000
3002100647,16.00000,26.73261,17,2,145,3,0.00000,4.00000,15.00000
3002100647,18.00000,8.46091,19,1,146,2,0.00000,4.00000,15.00000
3002100647,20.00000,8.46091,19,1,146,3,0.00000,4.00000,15.00000
3002100647,22.00000,23.20189,20,2,145,3,0.00000,4.00000,15.00000
3002100647,24.00000,27.17399,23,2,145,3,0.00000,4.00000,15.00000
3002100647,26.00000,23.63299,24,1,146,4,0.00000,4.00000,15.00000
3002100647,28.00000,41.83142,25,2,145,3,0.00000,4.00000,15.00000
3002100647,30.00000,33.97253,26,1,146,5,0.00000,4.00000,15.00000
2845531231,4.00000,132.75318,5,0,147,6,0.00000,4.00000,20.00000
2845531231,6.00000,132.13706,8,0,147,4,0.00000,4.00000,20.00000
2845531231,8.00000,132.13706,9,0,147,5,0.00000,4.00000,20.00000
2845531231,10.00000,132.13706,10,0,147,4,0.00000,4.00000,20.00000
2845531231,12.00000,132.47196,12,1,146,4,0.00000,4.00000,20.00000
2845531231,14.00000,132.47196,12,1,146,4,0.00000,4.00000,20.00000
2845531231,16.00000,100.16682,13,1,146,4,0.00000,4.00000,20.00000
2845531231,18.00000,91.64711,15,1,146,4,0.00000,4.00000,20.00000
2845531231,20.00000,88.02421,16,1,146,4,0.00000,4.00000,20.00000
2845531231,22.00000,89.97127,17,1,146,4,0.00000,4.00000,20.00000
2845531231,24.00000,89.97127,17,1,146,4,0.00000,4.00000,20.00000
2845531231,26.00000,89.97127,17,1,146,4,0.00000,4.00000,20.00000
2845531231,28.00000,86.88869,18,1,146,4,0.00000,4.00000,20.00000
2845531231,30.00000,86.88869,20,1,146,4,0.00000,4.00000,20.00000
194758406,4.00000,61.27570,4,1,146,8,0.00000,4.00000,20.00000
194758406,6.00000,54.25064,7,1,146,9,0.00000,4.00000,20.00000
194758406,8.00000,80.21012,9,3,144,7,0.00000,4.00000,20.00000
194758406,10.00000,76.62660,10,3,144,11,0.00000,4.00000,20.00000
194758406,12.00000,69.85042,13,3,144,9,0.00000,4.00000,20.00000
194758406,14.00000,77.90091,19,3,144,6,0.00000,4.00000,20.00000
194758406,16.00000,71.08661,19,2,145,6,0.00000,4.00000,20.00000
194758406,18.00000,59.83066,21,2,145,6,0.00000,4.00000,20.00000
194758406,20.00000,67.15721,21,3,144,7,0.00000,4.00000,20.00000
194758406,22.00000,66.81145,24,3,144,5,0.00000,4.00000,20.00000
194758406,24.00000,61.65245,27,3,144,3,0.00000,4.00000,20.00000
194758406,26.00000,61.65245,27,3,144,3,0.00000,4.00000,20.00000
194758406,28.00000,61.65245,28,3,144,3,0.00000,4.00000,20.00000
194758406,30.00000,64.31397,28,4,143,3,0.00000,4.00000,20.00000
1386734203,4.00000,70.10241,9,1,146,7,0.00000,4.00000,20.00000
1386734203,6.00000,48.60213,14,1,146,7,0.00000,4.00000,20.00000
1386734203,8.00000,43.88749,17,1,146,8,0.00000,4.00000,20.00000
1386734203,10.00000,37.69814,22,1,146,5,0.00000,4.00000,20.00000
1386734203,12.00000,44.50785,24,1,146,7,0.00000,4.00000,20.00000
1386734203,14.00000,53.82677,29,3,144,4,0.00000,4.00000,20.00000
1386734203,16.00000,50.41934,30,2,145,5,0.00000,4.00000,20.00000
1386734203,18.00000,50.41934,32,2,145,5,0.00000,4.00000,20.00000
1386734203,20.00000,46.61170,34,1,146,4,0.00000,4.00000,20.00000
1386734203,22.00000,54.26648,36,3,144,5,0.00000,4.00000,20.00000
1386734203,24.00000,54.26648,39,3,144,3,0.00000,4.00000,20.00000
1386734203,26.00000,51.34262,40,3,144,2,0.00000,4.00000,20.00000
1386734203,28.00000,51.34262,41,3,144,1,0.00000,4.00000,20.00000
1386734203,30.00000,47.82880,41,2,145,1,0.00000,4.00000,20.00000
612459529,4.00000,37.03494,6,0,147,8,0.00000,4.00000,20.00000
612459529,6.00000,4.36703,9,0,147,8,0.00000,4.00000,20.00000
612459529,8.00000,4.10157,14,0,147,5,0.00000,4.00000,20.00000
612459529,10.00000,9.55659,14,1,146,7,0.00000,4.00000,20.00000
612459529,12.00000,9.55659,15,1,146,6,0.00000,4.00000,20.00000
612459529,14.00000,16.57749,16,1,146,6,0.00000,4.00000,20.00000
612459529,16.00000,16.57749,16,1,146,7,0.00000,4.00000,20.00000
612459529,18.00000,26.88764,19,1,146,6,0.00000,4.00000,20.00000
612459529,20.00000,26.88764,19,1,146,7,0.00000,4.00000,20.00000
612459529,22.00000,26.88764,20,1,146,6,0.00000,4.00000,20.00000
612459529,24.00000,36.92222,20,2,145,6,0.00000,4.00000,20.00000
612459529,26.00000,33.81277,21,2,145,7,0.00000,4.00000,20.00000
612459529,28.00000,33.81277,22,2,145,6,0.00000,4.00000,20.00000
612459529,30.00000,33.81277,22,2,145,6,0.00000,4.00000,20.00000
3002100647,4.00000,33.64241,10,1,146,10,0.00000,4.00000,20.00000
3002100647,6.00000,52.18800,15,2,145,7,0.00000,4.00000,20.00000
3002100647,8.00000,52.18800,15,2,145,9,0.00000,4.00000,20.00000
3002100647,10.00000,57.36317,18,2,145,9,0.00000,4.00000,20.00000
3002100647,12.00000,57.31939,20,2,145,7,0.00000,4.00000,20.00000
3002100647,14.00000,57.31939,20,2,145,8,0.00000,4.00000,20.00000
3002100647,16.00000,61.46207,20,3,144,8,0.00000,4.00000,20.00000
3002100647,18.00000,55.18667,20,2,145,8,0.00000,4.00000,20.00000
3002100647,20.00000,45.97298,22,1,146,8,0.00000,4.00000,20.00000
3002100647,22.00000,47.69403,26,2,145,6,0.00000,4.00000,20.00000
3002100647,24.00000,53.34004,27,3,144,5,0.00000,4.00000,20.00000
3002100647,26.00000,50.53524,29,3,144,5,0.00000,4.00000,20.00000
3002100647,28.00000,50.53524,31,3,144,5,0.00000,4.00000,20.00000
3002100647,30.00000,45.64498,30,2,145,7,0.00000,4.00000,20.00000
2845531231,4.00000,107.68753,4,0,147,7,0.00000,4.00000,25.00000
2845531231,6.00000,68.64604,7,0,147,6,0.00000,4.00000,25.00000
2845531231,8.00000,68.50080,9,0,147,8,0.00000,4.00000,25.00000
2845531231,10.00000,66.68340,11,0,147,6,0.00000,4.00000,25.00000
2845531231,12.00000,66.92441,12,0,147,6,0.00000,4.00000,25.00000
2845531231,14.00000,71.38941,13,0,147,7,0.00000,4.00000,25.00000
2845531231,16.00000,73.27001,16,0,147,6,0.00000,4.00000,25.00000
2845531231,18.00000,70.01177,17,1,146,6,0.00000,4.00000,25.00000
2845531231,20.00000,71.91463,18,1,146,6,0.00000,4.00000,25.00000
2845531231,22.00000,74.82586,22,1,146,5,0.00000,4.00000,25.00000
2845531231,24.00000,77.41748,23,1,146,4,0.00000,4.00000,25.00000
2845531231,26.00000,77.41748,23,1,146,4,0.00000,4.00000,25.00000
2845531231,28.00000,75.51341,25,1,146,4,0.00000,4.00000,25.00000
2845531231,30.00000,81.95124,27,2,145,3,0.00000,4.00000,25.00000
194758406,4.00000,57.40926,4,0,147,7,0.00000,4.00000,25.00000
194758406,6.00000,29.48611,8,0,147,5,0.00000,4.00000,25.00000
194758406,8.00000,30.78338,9,0,147,6,0.00000,4.00000,25.00000
194758406,10.00000,30.26716,12,0,147,6,0.00000,4.00000,25.00000
194758406,12.00000,30.01212,15,0,147,7,0.00000,4.00000,25.00000
194758406,14.00000,27.35582,18,0,147,5,0.00000,4.00000,25.00000
194758406,16.00000,47.53525,21,1,146,3,0.00000,4.00000,25.00000
194758406,18.00000,58.35248,24,1,146,6,0.00000,4.00000,25.00000
194758406,20.00000,59.87446,26,1,146,6,0.00000,4.00000,25.00000
194758406,22.00000,59.87446,27,1,146,6,0.00000,4.00000,25.00000
194758406,24.00000,66.19879,29,2,145,4,0.00000,4.00000,25.00000
194758406,26.00000,63.14918,32,2,145,4,0.00000,4.00000,25.00000
194758406,28.00000,63.14918,32,2,145,4,0.00000,4.00000,25.00000
194758406,30.00000,63.14918,32,2,145,4,0.00000,4.00000,25.00000
1386734203,4.00000,21.13458,9,0,147,9,0.00000,4.00000,25.00000
1386734203,6.00000,27.82788,15,0,147,5,0.00000,4.00000,25.00000
1386734203,8.00000,34.96887,18,0,147,10,0.00000,4.00000,25.00000
1386734203,10.00000,41.34591,23,1,146,6,0.00000,4.00000,25.00000
1386734203,12.00000,40.77118,25,1,146,6,0.00000,4.00000,25.00000
1386734203,14.00000,40.09173,27,1,146,7,0.00000,4.00000,25.00000
1386734203,16.00000,42.26772,30,2,145,6,0.00000,4.00000,25.00000
1386734203,18.00000,43.30895,32,2,145,5,0.00000,4.00000,25.00000
1386734203,20.00000,43.30895,33,2,145,4,0.00000,4.00000,25.00000
1386734203,22.00000,49.03388,36,2,145,5,0.00000,4.00000,25.00000
1386734203,24.00000,49.03388,36,2,145,5,0.00000,4.00000,25.00000
1386734203,26.00000,47.17677,35,3,144,6,0.00000,4.00000,25.00000
1386734203,28.00000,43.91964,35,2,145,6,0.00000,4.00000,25.00000
1386734203,30.00000,49.76259,36,2,145,5,0.00000,4.00000,25.00000
612459529,4.00000,24.84017,8,0,147,7,0.00000,4.00000,25.00000
612459529,6.00000,53.58427,11,1,146,9,0.00000,4.00000,25.00000
612459529,8.00000,36.55829,15,2,145,9,0.00000,4.00000,25.00000
612459529,10.00000,35.20908,18,1,146,7,0.00000,4.00000,25.00000
612459529,12.00000,33.84991,19,1,146,6,0.00000,4.00000,25.00000
612459529,14.00000,33.84991,20,1,146,6,0.00000,4.00000,25.00000
612459529,16.00000,33.85194,22,1,146,6,0.00000,4.00000,25.00000
612459529,18.00000,33.85194,23,1,146,6,0.00000,4.00000,25.00000
612459529,20.00000,52.38776,25,3,144,6,0.00000,4.00000,25.00000
612459529,22.00000,58.88809,27,4,143,6,0.00000,4.00000,25.00000
612459529,24.00000,59.11653,28,5,142,9,0.00000,4.00000,25.00000
612459529,26.00000,59.11653,30,5,142,7,0.00000,4.00000,25.00000
612459529,28.00000,59.11653,32,5,142,5,0.00000,4.00000,25.00000
612459529,30.00000,59.11653,34,5,142,4,0.00000,4.00000,25.00000
3002100647,4.00000,23.46502,12,0,147,7,0.00000,4.00000,25.00000
3002100647,6.00000,31.74796,16,1,146,9,0.00000,4.00000,25.00000
3002100647,8.00000,42.27982,19,2,145,7,0.00000,4.00000,25.00000
3002100647,10.00000,34.53232,22,2,145,7,0.00000,4.00000,25.00000
3002100647,12.00000,46.22824,27,2,145,5,0.00000,4.00000,25.00000
3002100647,14.00000,40.46814,28,1,146,6,0.00000,4.00000,25.00000
3002100647,16.00000,45.54229,29,2,145,6,0.00000,4.00000,25.00000
3002100647,18.00000,52.74313,30,4,143,5,0.00000,4.00000,25.00000
3002100647,20.00000,52.74313,30,4,143,5,0.00000,4.00000,25.00000
3002100647,22.00000,52.74313,30,4,143,5,0.00000,4.00000,25.00000
3002100647,24.00000,49.35738,30,3,144,5,0.00000,4.00000,25.00000
3002100647,26.00000,49.35738,30,3,144,5,0.00000,4.00000,25.00000
3002100647,28.00000,52.74313,30,4,143,5,0.00000,4.00000,25.00000
3002100647,30.00000,52.74313,30,4,143,5,0.00000,4.00000,25.00000
2845531231,4.00000,117.96472,4,0,147,11,0.00000,4.00000,30.00000
2845531231,6.00000,80.72959,8,0,147,11,0.00000,4.00000,30.00000
2845531231,8.00000,70.48519,11,0,147,10,0.00000,4.00000,30.00000
2845531231,10.00000,50.75859,13,0,147,9,0.00000,4.00000,30.00000
2845531231,12.00000,46.05475,16,0,147,10,0.00000,4.00000,30.00000
2845531231,14.00000,33.76465,18,0,147,9,0.00000,4.00000,30.00000
2845531231,16.00000,33.76465,19,0,147,10,0.00000,4.00000,30.00000
2845531231,18.00000,32.86032,21,0,147,11,0.00000,4.00000,30.00000
2845531231,20.00000,35.62519,24,0,147,9,0.00000,4.00000,30.00000
2845531231,22.00000,34.92319,27,0,147,8,0.00000,4.00000,30.00000
2845531231,24.00000,41.12733,29,0,147,6,0.00000,4.00000,30.00000
2845531231,26.00000,43.05974,30,0,147,5,0.00000,4.00000,30.00000
2845531231,28.00000,51.12646,31,1,146,7,0.00000,4.00000,30.00000
2845531231,30.00000,45.54151,33,0,147,5,0.00000,4.00000,30.00000
194758406,4.00000,68.95761,4,1,146,12,0.00000,4.00000,30.00000
194758406,6.00000,36.96080,11,1,146,8,0.00000,4.00000,30.00000
194758406,8.00000,35.11259,17,1,146,6,0.00000,4.00000,30.00000
194758406,10.00000,45.64493,18,2,145,10,0.00000,4.00000,30.00000
194758406,12.00000,47.18047,19,2,145,9,0.00000,4.00000,30.00000
194758406,14.00000,49.52587,20,2,145,12,0.00000,4.00000,30.00000
194758406,16.00000,53.80507,23,2,145,11,0.00000,4.00000,30.00000
194758406,18.00000,55.25135,26,2,145,10,0.00000,4.00000,30.00000
194758406,20.00000,55.25135,29,2,145,8,0.00000,4.00000,30.00000
194758406,22.00000,54.14570,31,2,145,6,0.00000,4.00000,30.00000
194758406,24.00000,49.44737,32,2,145,7,0.00000,4.00000,30.00000
194758406,26.00000,49.44737,33,2,145,7,0.00000,4.00000,30.00000
194758406,28.00000,49.44737,34,2,145,6,0.00000,4.00000,30.00000
194758406,30.00000,44.33872,35,2,145,5,0.00000,4.00000,30.00000
1386734203,4.00000,13.49847,9,0,147,11,0.00000,4.00000,30.00000
1386734203,6.00000,9.91795,17,0,147,9,0.00000,4.00000,30.00000
1386734203,8.00000,39.90364,23,0,147,7,0.00000,4.00000,30.00000
1386734203,10.00000,38.74177,28,0,147,7,0.00000,4.00000,30.00000
1386734203,12.00000,41.28402,32,1,146,4,0.00000,4.00000,30.00000
1386734203,14.00000,42.84945,35,1,146,4,0.00000,4.00000,30.00000
1386734203,16.00000,46.81119,36,1,146,3,0.00000,4.00000,30.00000
1386734203,18.00000,46.81119,36,1,146,3,0.00000,4.00000,30.00000
1386734203,20.00000,47.85648,37,2,145,3,0.00000,4.00000,30.00000
1386734203,22.00000,50.82702,38,2,145,2,0.00000,4.00000,30.00000
1386734203,24.00000,49.80630,38,1,146,2,0.00000,4.00000,30.00000
1386734203,26.00000,49.80630,38,1,146,2,0.00000,4.00000,30.00000
1386734203,28.00000,49.80630,38,1,146,2,0.00000,4.00000,30.00000
1386734203,30.00000,49.80630,38,1,146,2,0.00000,4.00000,30.00000
612459529,4.00000,40.63972,5,0,147,11,0.00000,4.00000,30.00000
612459529,6.00000,69.94066,10,1,146,15,0.00000,4.00000,30.00000
612459529,8.00000,63.91257,18,1,146,11,0.00000,4.00000,30.00000
612459529,10.00000,61.58618,22,2,145,9,0.00000,4.00000,30.00000
612459529,12.00000,53.47545,26,2,145,9,0.00000,4.00000,30.00000
612459529,14.00000,56.47184,28,2,145,8,0.00000,4.00000,30.00000
612459529,16.00000,51.95433,29,2,145,8,0.00000,4.00000,30.00000
612459529,18.00000,53.23776,30,2,145,7,0.00000,4.00000,30.00000
612459529,20.00000,51.45380,34,2,145,4,0.00000,4.00000,30.00000
612459529,22.00000,51.45380,34,2,145,5,0.00000,4.00000,30.00000
612459529,24.00000,51.45380,36,2,145,4,0.00000,4.00000,30.00000
612459529,26.00000,51.45380,37,2,145,3,0.00000,4.00000,30.00000
612459529,28.00000,51.45380,38,2,145,2,0.00000,4.00000,30.00000
612459529,30.00000,47.82880,40,2,145,1,0.00000,4.00000,30.00000
3002100647,4.00000,37.90852,8,0,147,11,0.00000,4.00000,30.00000
3002100647,6.00000,25.21770,14,0,147,10,0.00000,4.00000,30.00000
3002100647,8.00000,12.80864,18,0,147,9,0.00000,4.00000,30.00000
3002100647,10.00000,7.87509,22,0,147,7,0.00000,4.00000,30.00000
3002100647,12.00000,18.02015,24,0,147,6,0.00000,4.00000,30.00000
3002100647,14.00000,46.49444,29,2,145,5,0.00000,4.00000,30.00000
3002100647,16.00000,41.20156,30,2,145,5,0.00000,4.00000,30.00000
3002100647,18.00000,61.43812,34,5,142,3,0.00000,4.00000,30.00000
3002100647,20.00000,54.97538,35,3,144,4,0.00000,4.00000,30.00000
3002100647,22.00000,54.22279,37,3,144,3,0.00000,4.00000,30.00000
3002100647,24.00000,53.98058,38,4,143,2,0.00000,4.00000,30.00000
3002100647,26.00000,53.98058,39,4,143,2,0.00000,4.00000,30.00000
3002100647,28.00000,53.98058,39,4,143,2,0.00000,4.00000,30.00000
3002100647,30.00000,53.98058,39,4,143,2,0.00000,4.00000,30.00000
