runName,time,JLE,tp,fp,tn,fn,accuracy,ttfd,vSpeed
58289758,4.00000,219.73300,1425,2850,0,0,1.00000,4.00000,0.00000
58289758,6.00000,219.73300,1425,2850,0,0,1.00000,4.00000,0.00000
58289758,8.00000,219.73300,1425,2850,0,0,1.00000,4.00000,0.00000
58289758,10.00000,219.73300,1425,2850,0,0,1.00000,4.00000,0.00000
58289758,12.00000,219.73300,1425,2850,0,0,1.00000,4.00000,0.00000
58289758,14.00000,219.73300,1425,2850,0,0,1.00000,4.00000,0.00000
58289758,16.00000,219.73300,1425,2850,0,0,1.00000,4.00000,0.00000
58289758,18.00000,219.73300,1425,2850,0,0,1.00000,4.00000,0.00000
58289758,20.00000,219.73300,1425,2850,0,0,1.00000,4.00000,0.00000
58289758,22.00000,219.73300,1425,2850,0,0,1.00000,4.00000,0.00000
58289758,24.00000,219.73300,1425,2850,0,0,1.00000,4.00000,0.00000
58289758,26.00000,219.73300,1425,2850,0,0,1.00000,4.00000,0.00000
58289758,28.00000,219.73300,1425,2850,0,0,1.00000,4.00000,0.00000
58289758,30.00000,219.73300,1425,2850,0,0,1.00000,4.00000,0.00000
601149909,4.00000,132.63359,1710,2280,0,0,1.00000,4.00000,0.00000
601149909,6.00000,132.63359,1710,2280,0,0,1.00000,4.00000,0.00000
601149909,8.00000,132.63359,1710,2280,0,0,1.00000,4.00000,0.00000
601149909,10.00000,132.63359,1710,2280,0,0,1.00000,4.00000,0.00000
601149909,12.00000,132.63359,1710,2280,0,0,1.00000,4.00000,0.00000
601149909,14.00000,132.63359,1710,2280,0,0,1.00000,4.00000,0.00000
601149909,16.00000,132.63359,1710,2280,0,0,1.00000,4.00000,0.00000
601149909,18.00000,132.63359,1710,2280,0,0,1.00000,4.00000,0.00000
601149909,20.00000,132.63359,1710,2280,0,0,1.00000,4.00000,0.00000
601149909,22.00000,132.63359,1710,2280,0,0,1.00000,4.00000,0.00000
601149909,24.00000,132.63359,1710,2280,0,0,1.00000,4.00000,0.00000
601149909,26.00000,132.63359,1710,2280,0,0,1.00000,4.00000,0.00000
601149909,28.00000,132.63359,1710,2280,0,0,1.00000,4.00000,0.00000
601149909,30.00000,132.63359,1710,2280,0,0,1.00000,4.00000,0.00000
3272464427,4.00000,103.43452,2280,1425,0,0,1.00000,4.00000,0.00000
3272464427,6.00000,103.43452,2280,1425,0,0,1.00000,4.00000,0.00000
3272464427,8.00000,103.43452,2280,1425,0,0,1.00000,4.00000,0.00000
3272464427,10.00000,103.43452,2280,1425,0,0,1.00000,4.00000,0.00000
3272464427,12.00000,103.43452,2280,1425,0,0,1.00000,4.00000,0.00000
3272464427,14.00000,103.43452,2280,1425,0,0,1.00000,4.00000,0.00000
3272464427,16.00000,103.43452,2280,1425,0,0,1.00000,4.00000,0.00000
3272464427,18.00000,103.43452,2280,1425,0,0,1.00000,4.00000,0.00000
3272464427,20.00000,103.43452,2280,1425,0,0,1.00000,4.00000,0.00000
3272464427,22.00000,103.43452,2280,1425,0,0,1.00000,4.00000,0.00000
3272464427,24.00000,103.43452,2280,1425,0,0,1.00000,4.00000,0.00000
3272464427,26.00000,103.43452,2280,1425,0,0,1.00000,4.00000,0.00000
3272464427,28.00000,103.43452,2280,1425,0,0,1.00000,4.00000,0.00000
3272464427,30.00000,103.43452,2280,1425,0,0,1.00000,4.00000,0.00000
1298212335,4.00000,143.97894,1710,1995,0,0,1.00000,4.00000,0.00000
1298212335,6.00000,143.97894,1710,1995,0,0,1.00000,4.00000,0.00000
1298212335,8.00000,143.97894,1710,1995,0,0,1.00000,4.00000,0.00000
1298212335,10.00000,143.97894,1710,1995,0,0,1.00000,4.00000,0.00000
1298212335,12.00000,143.97894,1710,1995,0,0,1.00000,4.00000,0.00000
1298212335,14.00000,143.97894,1710,1995,0,0,1.00000,4.00000,0.00000
1298212335,16.00000,143.97894,1710,1995,0,0,1.00000,4.00000,0.00000
1298212335,18.00000,143.97894,1710,1995,0,0,1.00000,4.00000,0.00000
1298212335,20.00000,143.97894,1710,1995,0,0,1.00000,4.00000,0.00000
1298212335,22.00000,143.97894,1710,1995,0,0,1.00000,4.00000,0.00000
1298212335,24.00000,143.97894,1710,1995,0,0,1.00000,4.00000,0.00000
1298212335,26.00000,143.97894,1710,1995,0,0,1.00000,4.00000,0.00000
1298212335,28.00000,143.97894,1710,1995,0,0,1.00000,4.00000,0.00000
1298212335,30.00000,143.97894,1710,1995,0,0,1.00000,4.00000,0.00000
2875523014,4.00000,180.63648,1995,2565,0,0,1.00000,4.00000,0.00000
2875523014,6.00000,180.63648,1995,2565,0,0,1.00000,4.00000,0.00000
2875523014,8.00000,180.63648,1995,2565,0,0,1.00000,4.00000,0.00000
2875523014,10.00000,180.63648,1995,2565,0,0,1.00000,4.00000,0.00000
2875523014,12.00000,180.63648,1995,2565,0,0,1.00000,4.00000,0.00000
2875523014,14.00000,180.63648,1995,2565,0,0,1.00000,4.00000,0.00000
2875523014,16.00000,180.63648,1995,2565,0,0,1.00000,4.00000,0.00000
2875523014,18.00000,180.63648,1995,2565,0,0,1.00000,4.00000,0.00000
2875523014,20.00000,180.63648,1995,2565,0,0,1.00000,4.00000,0.00000
2875523014,22.00000,180.63648,1995,2565,0,0,1.00000,4.00000,0.00000
2875523014,24.00000,180.63648,1995,2565,0,0,1.00000,4.00000,0.00000
2875523014,26.00000,180.63648,1995,2565,0,0,1.00000,4.00000,0.00000
2875523014,28.00000,180.63648,1995,2565,0,0,1.00000,4.00000,0.00000
2875523014,30.00000,180.63648,1995,2565,0,0,1.00000,4.00000,0.00000
58289758,4.00000,222.53150,1425,2850,0,0,1.00000,4.00000,5.00000
58289758,6.00000,225.44985,1414,2861,0,0,1.00000,4.00000,5.00000
58289758,8.00000,226.09133,1111,3015,0,0,1.00000,4.00000,5.00000
58289758,10.00000,231.33724,1287,2920,0,0,1.00000,4.00000,5.00000
58289758,12.00000,217.99743,1425,2498,0,0,1.00000,4.00000,5.00000
58289758,14.00000,222.80947,1278,2571,0,0,1.00000,4.00000,5.00000
58289758,16.00000,231.68081,1367,2566,0,0,1.00000,4.00000,5.00000
58289758,18.00000,223.52331,1528,2301,0,0,1.00000,4.00000,5.00000
58289758,20.00000,226.04939,1425,2671,0,0,1.00000,4.00000,5.00000
58289758,22.00000,238.77938,1425,2978,0,0,1.00000,4.00000,5.00000
58289758,24.00000,235.75029,1425,2850,0,0,1.00000,4.00000,5.00000
58289758,26.00000,232.67569,1425,2711,0,0,1.00000,4.00000,5.00000
58289758,28.00000,218.56679,1671,2119,0,0,1.00000,4.00000,5.00000
58289758,30.00000,212.72291,1710,1995,0,0,1.00000,4.00000,5.00000
601149909,4.00000,133.87734,1710,2280,0,0,1.00000,4.00000,5.00000
601149909,6.00000,135.96919,1710,2280,0,0,1.00000,4.00000,5.00000
601149909,8.00000,131.07498,1710,2057,0,0,1.00000,4.00000,5.00000
601149909,10.00000,129.24673,1710,1995,0,0,1.00000,4.00000,5.00000
601149909,12.00000,137.06017,1710,2199,0,0,1.00000,4.00000,5.00000
601149909,14.00000,139.27420,1710,2280,0,0,1.00000,4.00000,5.00000
601149909,16.00000,139.35274,1710,2280,0,0,1.00000,4.00000,5.00000
601149909,18.00000,138.59985,1710,2280,0,0,1.00000,4.00000,5.00000
601149909,20.00000,133.87183,1710,2157,0,0,1.00000,4.00000,5.00000
601149909,22.00000,127.27683,1710,1995,0,0,1.00000,4.00000,5.00000
601149909,24.00000,127.71395,1710,1995,0,0,1.00000,4.00000,5.00000
601149909,26.00000,126.47817,1710,1995,0,0,1.00000,4.00000,5.00000
601149909,28.00000,127.99862,1710,1995,0,0,1.00000,4.00000,5.00000
601149909,30.00000,131.46749,1710,1995,0,0,1.00000,4.00000,5.00000
3272464427,4.00000,104.90252,2397,1308,0,0,1.00000,4.00000,5.00000
3272464427,6.00000,104.14086,2565,1140,0,0,1.00000,4.00000,5.00000
3272464427,8.00000,85.14289,2286,926,0,0,1.00000,4.00000,5.00000
3272464427,10.00000,73.49393,2280,855,0,0,1.00000,4.00000,5.00000
3272464427,12.00000,71.88031,2280,855,0,0,1.00000,4.00000,5.00000
3272464427,14.00000,96.13566,2280,1079,0,0,1.00000,4.00000,5.00000
3272464427,16.00000,104.44735,2096,1324,0,0,1.00000,4.00000,5.00000
3272464427,18.00000,107.80694,1995,1425,0,0,1.00000,4.00000,5.00000
3272464427,20.00000,110.67052,1995,1425,0,0,1.00000,4.00000,5.00000
3272464427,22.00000,112.26399,1995,1425,0,0,1.00000,4.00000,5.00000
3272464427,24.00000,113.16991,1995,1425,0,0,1.00000,4.00000,5.00000
3272464427,26.00000,111.57546,1995,1425,0,0,1.00000,4.00000,5.00000
3272464427,28.00000,109.63985,2033,1387,0,0,1.00000,4.00000,5.00000
3272464427,30.00000,109.06402,1995,1425,0,0,1.00000,4.00000,5.00000
1298212335,4.00000,142.20574,1710,1995,0,0,1.00000,4.00000,5.00000
1298212335,6.00000,158.06867,1710,2216,0,0,1.00000,4.00000,5.00000
1298212335,8.00000,138.86840,1710,1771,0,0,1.00000,4.00000,5.00000
1298212335,10.00000,136.03737,1710,1815,0,0,1.00000,4.00000,5.00000
1298212335,12.00000,133.53610,1710,1710,0,0,1.00000,4.00000,5.00000
1298212335,14.00000,134.49873,1710,1748,0,0,1.00000,4.00000,5.00000
1298212335,16.00000,133.75730,1710,1710,0,0,1.00000,4.00000,5.00000
1298212335,18.00000,133.71970,1710,1710,0,0,1.00000,4.00000,5.00000
1298212335,20.00000,137.83646,1710,1746,0,0,1.00000,4.00000,5.00000
1298212335,22.00000,158.33673,1710,1995,0,0,1.00000,4.00000,5.00000
1298212335,24.00000,151.14436,1710,1891,0,0,1.00000,4.00000,5.00000
1298212335,26.00000,151.60169,1710,1710,0,0,1.00000,4.00000,5.00000
1298212335,28.00000,154.68887,1710,1825,0,0,1.00000,4.00000,5.00000
1298212335,30.00000,160.00870,1710,1960,0,0,1.00000,4.00000,5.00000
2875523014,4.00000,164.63819,1995,2280,0,0,1.00000,4.00000,5.00000
2875523014,6.00000,165.59772,2051,2224,0,0,1.00000,4.00000,5.00000
2875523014,8.00000,166.40902,1995,2373,0,0,1.00000,4.00000,5.00000
2875523014,10.00000,165.10639,1995,2293,0,0,1.00000,4.00000,5.00000
2875523014,12.00000,166.45803,1995,2280,0,0,1.00000,4.00000,5.00000
2875523014,14.00000,167.30824,1995,2280,0,0,1.00000,4.00000,5.00000
2875523014,16.00000,168.24179,1995,2280,0,0,1.00000,4.00000,5.00000
2875523014,18.00000,169.15109,1995,2344,0,0,1.00000,4.00000,5.00000
2875523014,20.00000,173.78498,1995,2565,0,0,1.00000,4.00000,5.00000
2875523014,22.00000,171.49017,1995,2493,0,0,1.00000,4.00000,5.00000
2875523014,24.00000,168.35958,1995,2382,0,0,1.00000,4.00000,5.00000
2875523014,26.00000,167.73491,1995,2291,0,0,1.00000,4.00000,5.00000
2875523014,28.00000,167.88747,1995,2280,0,0,1.00000,4.00000,5.00000
2875523014,30.00000,169.26551,1995,2280,0,0,1.00000,4.00000,5.00000
58289758,4.00000,223.81226,1201,3074,0,0,1.00000,4.00000,10.00000
58289758,6.00000,223.09435,1252,3023,0,0,1.00000,4.00000,10.00000
58289758,8.00000,216.03595,1603,2850,0,0,1.00000,4.00000,10.00000
58289758,10.00000,213.78259,1710,2850,0,0,1.00000,4.00000,10.00000
58289758,12.00000,211.29982,1710,2850,0,0,1.00000,4.00000,10.00000
58289758,14.00000,208.78824,1710,2850,0,0,1.00000,4.00000,10.00000
58289758,16.00000,205.50572,1710,2850,0,0,1.00000,4.00000,10.00000
58289758,18.00000,203.22437,1710,2691,0,0,1.00000,4.00000,10.00000
58289758,20.00000,204.41547,1672,2565,0,0,1.00000,4.00000,10.00000
58289758,22.00000,213.46147,1703,2336,0,0,1.00000,4.00000,10.00000
58289758,24.00000,226.63365,1743,2565,0,0,1.00000,4.00000,10.00000
58289758,26.00000,231.48652,1519,2756,0,0,1.00000,4.00000,10.00000
58289758,28.00000,232.75828,1425,2850,0,0,1.00000,4.00000,10.00000
58289758,30.00000,231.57038,1425,2850,0,0,1.00000,4.00000,10.00000
601149909,4.00000,121.83640,1710,1995,0,0,1.00000,4.00000,10.00000
601149909,6.00000,125.72447,1710,2166,0,0,1.00000,4.00000,10.00000
601149909,8.00000,128.89386,1710,2280,0,0,1.00000,4.00000,10.00000
601149909,10.00000,131.36448,1710,2280,0,0,1.00000,4.00000,10.00000
601149909,12.00000,131.55718,1710,2088,0,0,1.00000,4.00000,10.00000
601149909,14.00000,132.61585,1710,1995,0,0,1.00000,4.00000,10.00000
601149909,16.00000,135.17055,1710,1995,0,0,1.00000,4.00000,10.00000
601149909,18.00000,138.13336,1710,1995,0,0,1.00000,4.00000,10.00000
601149909,20.00000,143.07029,1710,2279,0,0,1.00000,4.00000,10.00000
601149909,22.00000,147.42459,1710,2280,0,0,1.00000,4.00000,10.00000
601149909,24.00000,149.36547,1710,2280,0,0,1.00000,4.00000,10.00000
601149909,26.00000,149.73461,1710,2032,0,0,1.00000,4.00000,10.00000
601149909,28.00000,156.75833,1710,2254,0,0,1.00000,4.00000,10.00000
601149909,30.00000,158.04907,1710,2280,0,0,1.00000,4.00000,10.00000
3272464427,4.00000,106.83987,2572,1140,0,0,1.00000,4.00000,10.00000
3272464427,6.00000,95.45081,2579,1016,0,0,1.00000,4.00000,10.00000
3272464427,8.00000,75.08798,2565,855,0,0,1.00000,4.00000,10.00000
3272464427,10.00000,69.29783,2565,855,0,0,1.00000,4.00000,10.00000
3272464427,12.00000,70.82771,2702,855,0,0,1.00000,4.00000,10.00000
3272464427,14.00000,45.78284,2682,756,0,0,1.00000,4.00000,10.00000
3272464427,16.00000,51.00151,2565,906,0,0,1.00000,4.00000,10.00000
3272464427,18.00000,67.76427,2565,1140,0,0,1.00000,4.00000,10.00000
3272464427,20.00000,73.84532,2639,1259,0,0,1.00000,4.00000,10.00000
3272464427,22.00000,87.25353,2736,1539,0,0,1.00000,4.00000,10.00000
3272464427,24.00000,80.75987,2565,1597,0,0,1.00000,4.00000,10.00000
3272464427,26.00000,60.73712,2565,1140,0,0,1.00000,4.00000,10.00000
3272464427,28.00000,61.82311,2565,1140,0,0,1.00000,4.00000,10.00000
3272464427,30.00000,61.32694,2570,1140,0,0,1.00000,4.00000,10.00000
1298212335,4.00000,132.87489,1710,1945,0,0,1.00000,4.00000,10.00000
1298212335,6.00000,101.63904,1712,1569,0,0,1.00000,4.00000,10.00000
1298212335,8.00000,85.48960,1690,1254,0,0,1.00000,4.00000,10.00000
1298212335,10.00000,99.29024,1664,1471,0,0,1.00000,4.00000,10.00000
1298212335,12.00000,88.60980,1710,1306,0,0,1.00000,4.00000,10.00000
1298212335,14.00000,77.97961,1409,1213,0,0,1.00000,4.00000,10.00000
1298212335,16.00000,77.70970,945,1425,0,0,1.00000,4.00000,10.00000
1298212335,18.00000,74.26330,1304,1425,0,0,1.00000,4.00000,10.00000
1298212335,20.00000,71.18537,1425,1425,0,0,1.00000,4.00000,10.00000
1298212335,22.00000,67.40456,1800,1061,0,0,1.00000,4.00000,10.00000
1298212335,24.00000,107.32363,1995,1241,0,0,1.00000,4.00000,10.00000
1298212335,26.00000,110.62646,1919,1025,0,0,1.00000,4.00000,10.00000
1298212335,28.00000,98.09156,1759,1059,0,0,1.00000,4.00000,10.00000
1298212335,30.00000,116.65959,1941,1479,0,0,1.00000,4.00000,10.00000
2875523014,4.00000,185.57967,2071,2720,0,0,1.00000,4.00000,10.00000
2875523014,6.00000,188.88901,2216,2629,0,0,1.00000,4.00000,10.00000
2875523014,8.00000,197.29128,2280,2839,0,0,1.00000,4.00000,10.00000
2875523014,10.00000,197.52734,2280,2819,0,0,1.00000,4.00000,10.00000
2875523014,12.00000,195.52967,2280,2565,0,0,1.00000,4.00000,10.00000
2875523014,14.00000,193.21411,2280,2565,0,0,1.00000,4.00000,10.00000
2875523014,16.00000,193.73970,2280,2737,0,0,1.00000,4.00000,10.00000
2875523014,18.00000,187.98807,2127,2778,0,0,1.00000,4.00000,10.00000
2875523014,20.00000,179.40518,1888,2672,0,0,1.00000,4.00000,10.00000
2875523014,22.00000,179.23400,1960,2600,0,0,1.00000,4.00000,10.00000
2875523014,24.00000,176.59583,2082,2478,0,0,1.00000,4.00000,10.00000
2875523014,26.00000,173.85801,2280,2280,0,0,1.00000,4.00000,10.00000
2875523014,28.00000,171.75907,2280,2280,0,0,1.00000,4.00000,10.00000
2875523014,30.00000,162.98046,2280,2011,0,0,1.00000,4.00000,10.00000
58289758,4.00000,204.33311,1639,2595,0,0,1.00000,4.00000,15.00000
58289758,6.00000,225.70477,1444,2850,0,0,1.00000,4.00000,15.00000
58289758,8.00000,232.90318,1481,2794,0,0,1.00000,4.00000,15.00000
58289758,10.00000,228.00329,1446,2673,0,0,1.00000,4.00000,15.00000
58289758,12.00000,229.51254,1675,2994,0,0,1.00000,4.00000,15.00000
58289758,14.00000,225.30425,1425,3115,0,0,1.00000,4.00000,15.00000
58289758,16.00000,228.72132,1425,3055,0,0,1.00000,4.00000,15.00000
58289758,18.00000,239.36989,1209,3563,0,0,1.00000,4.00000,15.00000
58289758,20.00000,233.86603,1203,3242,0,0,1.00000,4.00000,15.00000
58289758,22.00000,226.57711,1425,2651,0,0,1.00000,4.00000,15.00000
58289758,24.00000,221.41192,1425,2691,0,0,1.00000,4.00000,15.00000
58289758,26.00000,210.04693,1438,2633,0,0,1.00000,4.00000,15.00000
58289758,28.00000,204.45026,1463,2527,0,0,1.00000,4.00000,15.00000
58289758,30.00000,203.93776,1461,2529,0,0,1.00000,4.00000,15.00000
601149909,4.00000,123.19360,1579,2126,0,0,1.00000,4.00000,15.00000
601149909,6.00000,134.19100,1425,2341,0,0,1.00000,4.00000,15.00000
601149909,8.00000,146.25750,1425,2565,0,0,1.00000,4.00000,15.00000
601149909,10.00000,147.73990,1425,2539,0,0,1.00000,4.00000,15.00000
601149909,12.00000,151.83128,1425,2515,0,0,1.00000,4.00000,15.00000
601149909,14.00000,155.23168,1206,2784,0,0,1.00000,4.00000,15.00000
601149909,16.00000,157.41537,1338,2594,0,0,1.00000,4.00000,15.00000
601149909,18.00000,158.11457,1425,2459,0,0,1.00000,4.00000,15.00000
601149909,20.00000,148.58237,1351,2420,0,0,1.00000,4.00000,15.00000
601149909,22.00000,163.59714,1140,2827,0,0,1.00000,4.00000,15.00000
601149909,24.00000,163.41930,1140,2850,0,0,1.00000,4.00000,15.00000
601149909,26.00000,163.60649,1140,2909,0,0,1.00000,4.00000,15.00000
601149909,28.00000,167.82878,1140,3306,0,0,1.00000,4.00000,15.00000
601149909,30.00000,163.45684,1417,3135,0,0,1.00000,4.00000,15.00000
3272464427,4.00000,98.86868,2516,1189,0,0,1.00000,4.00000,15.00000
3272464427,6.00000,97.76751,2280,1425,0,0,1.00000,4.00000,15.00000
3272464427,8.00000,98.27745,2280,1425,0,0,1.00000,4.00000,15.00000
3272464427,10.00000,97.63779,2515,1471,0,0,1.00000,4.00000,15.00000
3272464427,12.00000,97.02185,2565,1663,0,0,1.00000,4.00000,15.00000
3272464427,14.00000,76.64691,2565,1546,0,0,1.00000,4.00000,15.00000
3272464427,16.00000,95.91782,2565,1854,0,0,1.00000,4.00000,15.00000
3272464427,18.00000,111.77843,2443,1985,0,0,1.00000,4.00000,15.00000
3272464427,20.00000,102.08718,2260,1763,0,0,1.00000,4.00000,15.00000
3272464427,22.00000,119.14010,2184,1995,0,0,1.00000,4.00000,15.00000
3272464427,24.00000,117.32605,2026,2249,0,0,1.00000,4.00000,15.00000
3272464427,26.00000,109.26903,1955,2183,0,0,1.00000,4.00000,15.00000
3272464427,28.00000,120.58308,1995,2258,0,0,1.00000,4.00000,15.00000
3272464427,30.00000,136.44729,2223,2337,0,0,1.00000,4.00000,15.00000
1298212335,4.00000,132.35743,1710,1710,0,0,1.00000,4.00000,15.00000
1298212335,6.00000,135.73838,1710,1710,0,0,1.00000,4.00000,15.00000
1298212335,8.00000,144.67390,1677,1710,0,0,1.00000,4.00000,15.00000
1298212335,10.00000,141.04890,1163,1764,0,0,1.00000,4.00000,15.00000
1298212335,12.00000,150.82382,953,2260,0,0,1.00000,4.00000,15.00000
1298212335,14.00000,158.04246,1325,2455,0,0,1.00000,4.00000,15.00000
1298212335,16.00000,168.86570,1456,2577,0,0,1.00000,4.00000,15.00000
1298212335,18.00000,153.62892,1992,2202,0,0,1.00000,4.00000,15.00000
1298212335,20.00000,155.21503,1689,2484,0,0,1.00000,4.00000,15.00000
1298212335,22.00000,145.33554,1652,2292,0,0,1.00000,4.00000,15.00000
1298212335,24.00000,150.79509,1425,2565,0,0,1.00000,4.00000,15.00000
1298212335,26.00000,151.04434,1425,2565,0,0,1.00000,4.00000,15.00000
1298212335,28.00000,168.59283,1449,2843,0,0,1.00000,4.00000,15.00000
1298212335,30.00000,184.59158,1638,3111,0,0,1.00000,4.00000,15.00000
2875523014,4.00000,190.20677,1995,2280,0,0,1.00000,4.00000,15.00000
2875523014,6.00000,188.84503,1995,2280,0,0,1.00000,4.00000,15.00000
2875523014,8.00000,189.07714,2081,2474,0,0,1.00000,4.00000,15.00000
2875523014,10.00000,186.31998,2309,2449,0,0,1.00000,4.00000,15.00000
2875523014,12.00000,192.47514,2290,2280,0,0,1.00000,4.00000,15.00000
2875523014,14.00000,197.86067,2280,2280,0,0,1.00000,4.00000,15.00000
2875523014,16.00000,197.37235,2280,2214,0,0,1.00000,4.00000,15.00000
2875523014,18.00000,195.97107,2280,1995,0,0,1.00000,4.00000,15.00000
2875523014,20.00000,190.46868,2171,1985,0,0,1.00000,4.00000,15.00000
2875523014,22.00000,205.47942,2154,2287,0,0,1.00000,4.00000,15.00000
2875523014,24.00000,214.49747,1720,2243,0,0,1.00000,4.00000,15.00000
2875523014,26.00000,208.58949,1710,2117,0,0,1.00000,4.00000,15.00000
2875523014,28.00000,228.47394,1691,2367,0,0,1.00000,4.00000,15.00000
2875523014,30.00000,226.41188,1449,2688,0,0,1.00000,4.00000,15.00000
58289758,4.00000,236.12924,832,3135,0,0,1.00000,4.00000,20.00000
58289758,6.00000,250.00452,788,3165,0,0,1.00000,4.00000,20.00000
58289758,8.00000,259.04811,716,3034,0,0,1.00000,4.00000,20.00000
58289758,10.00000,247.73786,855,2850,0,0,1.00000,4.00000,20.00000
58289758,12.00000,242.58523,812,2897,0,0,1.00000,4.00000,20.00000
58289758,14.00000,271.09671,570,4011,0,0,1.00000,4.00000,20.00000
58289758,16.00000,279.70595,447,3719,0,0,1.00000,4.00000,20.00000
58289758,18.00000,269.55774,855,3104,0,0,1.00000,4.00000,20.00000
58289758,20.00000,267.58575,855,2663,0,0,1.00000,4.00000,20.00000
58289758,22.00000,268.79735,855,2781,0,0,1.00000,4.00000,20.00000
58289758,24.00000,264.58203,1005,3135,0,0,1.00000,4.00000,20.00000
58289758,26.00000,246.66706,1351,2898,0,0,1.00000,4.00000,20.00000
58289758,28.00000,244.56687,1097,2504,0,0,1.00000,4.00000,20.00000
58289758,30.00000,246.36644,898,2885,0,0,1.00000,4.00000,20.00000
601149909,4.00000,143.28456,1710,2565,0,0,1.00000,4.00000,20.00000
601149909,6.00000,143.75153,1777,2393,0,0,1.00000,4.00000,20.00000
601149909,8.00000,115.67408,1457,1987,0,0,1.00000,4.00000,20.00000
601149909,10.00000,114.83086,1425,1957,0,0,1.00000,4.00000,20.00000
601149909,12.00000,118.84593,1425,1945,0,0,1.00000,4.00000,20.00000
601149909,14.00000,97.96648,1425,1733,0,0,1.00000,4.00000,20.00000
601149909,16.00000,110.27585,1538,1882,0,0,1.00000,4.00000,20.00000
601149909,18.00000,119.93075,1710,1803,0,0,1.00000,4.00000,20.00000
601149909,20.00000,118.58070,1710,1467,0,0,1.00000,4.00000,20.00000
601149909,22.00000,132.69037,1489,1820,0,0,1.00000,4.00000,20.00000
601149909,24.00000,122.39674,1601,1885,0,0,1.00000,4.00000,20.00000
601149909,26.00000,131.16350,1710,2023,0,0,1.00000,4.00000,20.00000
601149909,28.00000,143.06620,1710,2176,0,0,1.00000,4.00000,20.00000
601149909,30.00000,137.06915,1710,2274,0,0,1.00000,4.00000,20.00000
3272464427,4.00000,92.39803,2482,1039,0,0,1.00000,4.00000,20.00000
3272464427,6.00000,95.25501,1917,1360,0,0,1.00000,4.00000,20.00000
3272464427,8.00000,76.07998,1995,1140,0,0,1.00000,4.00000,20.00000
3272464427,10.00000,87.55483,2442,960,0,0,1.00000,4.00000,20.00000
3272464427,12.00000,90.11125,2382,855,0,0,1.00000,4.00000,20.00000
3272464427,14.00000,117.65324,2280,1094,0,0,1.00000,4.00000,20.00000
3272464427,16.00000,118.50829,2280,1140,0,0,1.00000,4.00000,20.00000
3272464427,18.00000,111.53205,2280,1140,0,0,1.00000,4.00000,20.00000
3272464427,20.00000,131.39292,2280,1358,0,0,1.00000,4.00000,20.00000
3272464427,22.00000,134.73301,2450,1425,0,0,1.00000,4.00000,20.00000
3272464427,24.00000,129.89846,2763,1425,0,0,1.00000,4.00000,20.00000
3272464427,26.00000,131.49659,2660,1615,0,0,1.00000,4.00000,20.00000
3272464427,28.00000,138.78072,2509,1895,0,0,1.00000,4.00000,20.00000
3272464427,30.00000,140.82388,2780,1780,0,0,1.00000,4.00000,20.00000
1298212335,4.00000,139.31992,1623,1958,0,0,1.00000,4.00000,20.00000
1298212335,6.00000,143.74172,1708,1970,0,0,1.00000,4.00000,20.00000
1298212335,8.00000,163.41420,1710,2309,0,0,1.00000,4.00000,20.00000
1298212335,10.00000,160.97544,1632,2479,0,0,1.00000,4.00000,20.00000
1298212335,12.00000,185.30731,1425,3017,0,0,1.00000,4.00000,20.00000
1298212335,14.00000,199.98429,968,3596,0,0,1.00000,4.00000,20.00000
1298212335,16.00000,205.62715,887,3308,0,0,1.00000,4.00000,20.00000
1298212335,18.00000,209.67331,992,3020,0,0,1.00000,4.00000,20.00000
1298212335,20.00000,166.12824,855,2487,0,0,1.00000,4.00000,20.00000
1298212335,22.00000,166.16110,855,2554,0,0,1.00000,4.00000,20.00000
1298212335,24.00000,180.88962,855,3070,0,0,1.00000,4.00000,20.00000
1298212335,26.00000,149.05683,873,2647,0,0,1.00000,4.00000,20.00000
1298212335,28.00000,100.37273,855,1887,0,0,1.00000,4.00000,20.00000
1298212335,30.00000,108.13870,855,1783,0,0,1.00000,4.00000,20.00000
2875523014,4.00000,190.15589,2112,2186,0,0,1.00000,4.00000,20.00000
2875523014,6.00000,181.19155,1959,2195,0,0,1.00000,4.00000,20.00000
2875523014,8.00000,178.75575,1771,2095,0,0,1.00000,4.00000,20.00000
2875523014,10.00000,190.24281,1854,2608,0,0,1.00000,4.00000,20.00000
2875523014,12.00000,196.94872,1906,2644,0,0,1.00000,4.00000,20.00000
2875523014,14.00000,203.24678,1788,2375,0,0,1.00000,4.00000,20.00000
2875523014,16.00000,204.43274,1140,2544,0,0,1.00000,4.00000,20.00000
2875523014,18.00000,207.28435,1140,2554,0,0,1.00000,4.00000,20.00000
2875523014,20.00000,195.46674,1187,2798,0,0,1.00000,4.00000,20.00000
2875523014,22.00000,131.97698,1556,1452,0,0,1.00000,4.00000,20.00000
2875523014,24.00000,149.27858,2031,1581,0,0,1.00000,4.00000,20.00000
2875523014,26.00000,134.43518,2022,1606,0,0,1.00000,4.00000,20.00000
2875523014,28.00000,111.49892,2097,1564,0,0,1.00000,4.00000,20.00000
2875523014,30.00000,114.76420,1765,1978,0,0,1.00000,4.00000,20.00000
58289758,4.00000,216.24282,1199,3140,0,0,1.00000,4.00000,25.00000
58289758,6.00000,233.80398,1328,3517,0,0,1.00000,4.00000,25.00000
58289758,8.00000,241.65511,1385,3650,0,0,1.00000,4.00000,25.00000
58289758,10.00000,252.50276,731,3741,0,0,1.00000,4.00000,25.00000
58289758,12.00000,259.44344,330,3636,0,0,1.00000,4.00000,25.00000
58289758,14.00000,263.07635,488,3787,0,0,1.00000,4.00000,25.00000
58289758,16.00000,249.74526,661,3546,0,0,1.00000,4.00000,25.00000
58289758,18.00000,224.97446,881,2688,0,0,1.00000,4.00000,25.00000
58289758,20.00000,182.06539,1140,2028,0,0,1.00000,4.00000,25.00000
58289758,22.00000,187.61584,1103,2602,0,0,1.00000,4.00000,25.00000
58289758,24.00000,193.47806,1041,2764,0,0,1.00000,4.00000,25.00000
58289758,26.00000,191.89361,1086,2864,0,0,1.00000,4.00000,25.00000
58289758,28.00000,197.52031,855,2940,0,0,1.00000,4.00000,25.00000
58289758,30.00000,217.06866,855,2949,0,0,1.00000,4.00000,25.00000
601149909,4.00000,135.35045,1425,2755,0,0,1.00000,4.00000,25.00000
601149909,6.00000,127.70460,1425,2467,0,0,1.00000,4.00000,25.00000
601149909,8.00000,123.53407,1425,2248,0,0,1.00000,4.00000,25.00000
601149909,10.00000,131.82009,1236,2843,0,0,1.00000,4.00000,25.00000
601149909,12.00000,120.20086,1425,2703,0,0,1.00000,4.00000,25.00000
601149909,14.00000,105.76496,1425,2175,0,0,1.00000,4.00000,25.00000
601149909,16.00000,115.17798,1621,2012,0,0,1.00000,4.00000,25.00000
601149909,18.00000,126.58976,1351,2239,0,0,1.00000,4.00000,25.00000
601149909,20.00000,145.47405,1055,2593,0,0,1.00000,4.00000,25.00000
601149909,22.00000,166.71399,1140,2631,0,0,1.00000,4.00000,25.00000
601149909,24.00000,168.28541,1271,2397,0,0,1.00000,4.00000,25.00000
601149909,26.00000,161.20445,1661,1991,0,0,1.00000,4.00000,25.00000
601149909,28.00000,135.74836,1549,1791,0,0,1.00000,4.00000,25.00000
601149909,30.00000,142.27089,1448,2391,0,0,1.00000,4.00000,25.00000
3272464427,4.00000,105.13896,1972,1359,0,0,1.00000,4.00000,25.00000
3272464427,6.00000,106.54979,1524,1706,0,0,1.00000,4.00000,25.00000
3272464427,8.00000,103.81009,1837,1583,0,0,1.00000,4.00000,25.00000
3272464427,10.00000,97.99306,1774,1557,0,0,1.00000,4.00000,25.00000
3272464427,12.00000,87.20438,1290,1929,0,0,1.00000,4.00000,25.00000
3272464427,14.00000,87.23227,1459,1872,0,0,1.00000,4.00000,25.00000
3272464427,16.00000,68.74828,1710,1438,0,0,1.00000,4.00000,25.00000
3272464427,18.00000,68.18792,1728,1378,0,0,1.00000,4.00000,25.00000
3272464427,20.00000,63.98945,1855,1256,0,0,1.00000,4.00000,25.00000
3272464427,22.00000,61.01745,1756,1357,0,0,1.00000,4.00000,25.00000
3272464427,24.00000,97.99179,1710,2213,0,0,1.00000,4.00000,25.00000
3272464427,26.00000,100.03703,1710,2336,0,0,1.00000,4.00000,25.00000
3272464427,28.00000,100.59716,1710,2476,0,0,1.00000,4.00000,25.00000
3272464427,30.00000,89.33241,1710,2280,0,0,1.00000,4.00000,25.00000
1298212335,4.00000,144.66450,1556,2033,0,0,1.00000,4.00000,25.00000
1298212335,6.00000,135.73199,1710,1770,0,0,1.00000,4.00000,25.00000
1298212335,8.00000,147.74152,1710,1993,0,0,1.00000,4.00000,25.00000
1298212335,10.00000,140.41579,1538,2033,0,0,1.00000,4.00000,25.00000
1298212335,12.00000,164.51796,1363,2786,0,0,1.00000,4.00000,25.00000
1298212335,14.00000,194.86988,1140,3379,0,0,1.00000,4.00000,25.00000
1298212335,16.00000,194.03879,1322,2715,0,0,1.00000,4.00000,25.00000
1298212335,18.00000,181.79162,1545,2297,0,0,1.00000,4.00000,25.00000
1298212335,20.00000,161.50374,1967,1756,0,0,1.00000,4.00000,25.00000
1298212335,22.00000,181.49878,1758,2226,0,0,1.00000,4.00000,25.00000
1298212335,24.00000,189.98423,1562,2402,0,0,1.00000,4.00000,25.00000
1298212335,26.00000,181.91822,1520,2818,0,0,1.00000,4.00000,25.00000
1298212335,28.00000,160.17964,1755,2661,0,0,1.00000,4.00000,25.00000
1298212335,30.00000,161.64479,1498,2876,0,0,1.00000,4.00000,25.00000
2875523014,4.00000,195.59809,2280,1995,0,0,1.00000,4.00000,25.00000
2875523014,6.00000,198.50059,2218,1975,0,0,1.00000,4.00000,25.00000
2875523014,8.00000,190.16346,1733,2154,0,0,1.00000,4.00000,25.00000
2875523014,10.00000,191.18198,2183,2284,0,0,1.00000,4.00000,25.00000
2875523014,12.00000,176.83304,1804,2306,0,0,1.00000,4.00000,25.00000
2875523014,14.00000,171.88754,1480,2722,0,0,1.00000,4.00000,25.00000
2875523014,16.00000,173.13891,1654,2565,0,0,1.00000,4.00000,25.00000
2875523014,18.00000,161.18032,1807,2442,0,0,1.00000,4.00000,25.00000
2875523014,20.00000,151.09580,1685,1873,0,0,1.00000,4.00000,25.00000
2875523014,22.00000,138.23806,1630,1851,0,0,1.00000,4.00000,25.00000
2875523014,24.00000,127.06566,1406,2068,0,0,1.00000,4.00000,25.00000
2875523014,26.00000,124.23861,1140,2355,0,0,1.00000,4.00000,25.00000
2875523014,28.00000,104.99498,1148,2005,0,0,1.00000,4.00000,25.00000
2875523014,30.00000,128.09994,1425,1979,0,0,1.00000,4.00000,25.00000
58289758,4.00000,212.35897,1116,2515,0,0,1.00000,4.00000,30.00000
58289758,6.00000,221.89338,1158,2518,0,0,1.00000,4.00000,30.00000
58289758,8.00000,216.60513,1090,2870,0,0,1.00000,4.00000,30.00000
58289758,10.00000,223.55340,891,3021,0,0,1.00000,4.00000,30.00000
58289758,12.00000,211.90687,1626,2505,0,0,1.00000,4.00000,30.00000
58289758,14.00000,177.86895,1710,2063,0,0,1.00000,4.00000,30.00000
58289758,16.00000,167.52834,1681,1817,0,0,1.00000,4.00000,30.00000
58289758,18.00000,187.94833,1501,1866,0,0,1.00000,4.00000,30.00000
58289758,20.00000,178.84686,1320,1486,0,0,1.00000,4.00000,30.00000
58289758,22.00000,159.66096,1785,1206,0,0,1.00000,4.00000,30.00000
58289758,24.00000,163.91293,1560,1835,0,0,1.00000,4.00000,30.00000
58289758,26.00000,159.40564,1256,1998,0,0,1.00000,4.00000,30.00000
58289758,28.00000,164.42735,1555,2134,0,0,1.00000,4.00000,30.00000
58289758,30.00000,158.88062,1733,2237,0,0,1.00000,4.00000,30.00000
601149909,4.00000,139.91336,1727,2378,0,0,1.00000,4.00000,30.00000
601149909,6.00000,135.16089,1893,2099,0,0,1.00000,4.00000,30.00000
601149909,8.00000,134.31514,2271,1816,0,0,1.00000,4.00000,30.00000
601149909,10.00000,131.20576,1995,1995,0,0,1.00000,4.00000,30.00000
601149909,12.00000,131.42459,1912,1934,0,0,1.00000,4.00000,30.00000
601149909,14.00000,127.56953,1447,2150,0,0,1.00000,4.00000,30.00000
601149909,16.00000,120.61346,1425,1844,0,0,1.00000,4.00000,30.00000
601149909,18.00000,101.42168,1592,1710,0,0,1.00000,4.00000,30.00000
601149909,20.00000,75.66588,2317,1388,0,0,1.00000,4.00000,30.00000
601149909,22.00000,81.21038,2744,1265,0,0,1.00000,4.00000,30.00000
601149909,24.00000,85.63574,2694,1301,0,0,1.00000,4.00000,30.00000
601149909,26.00000,72.72506,2990,1343,0,0,1.00000,4.00000,30.00000
601149909,28.00000,75.66809,2724,1679,0,0,1.00000,4.00000,30.00000
601149909,30.00000,77.41008,3135,1440,0,0,1.00000,4.00000,30.00000
3272464427,4.00000,96.22219,2565,1261,0,0,1.00000,4.00000,30.00000
3272464427,6.00000,98.59766,2679,1346,0,0,1.00000,4.00000,30.00000
3272464427,8.00000,120.27038,2578,1384,0,0,1.00000,4.00000,30.00000
3272464427,10.00000,146.17221,2374,1680,0,0,1.00000,4.00000,30.00000
3272464427,12.00000,198.14766,2098,2462,0,0,1.00000,4.00000,30.00000
3272464427,14.00000,201.10641,1767,2398,0,0,1.00000,4.00000,30.00000
3272464427,16.00000,216.17075,1281,2367,0,0,1.00000,4.00000,30.00000
3272464427,18.00000,211.56033,1200,2351,0,0,1.00000,4.00000,30.00000
3272464427,20.00000,203.90408,1425,2263,0,0,1.00000,4.00000,30.00000
3272464427,22.00000,191.24845,1425,1995,0,0,1.00000,4.00000,30.00000
3272464427,24.00000,231.50335,1069,2487,0,0,1.00000,4.00000,30.00000
3272464427,26.00000,233.32197,1118,2565,0,0,1.00000,4.00000,30.00000
3272464427,28.00000,232.48368,1001,2477,0,0,1.00000,4.00000,30.00000
3272464427,30.00000,224.96501,777,2282,0,0,1.00000,4.00000,30.00000
1298212335,4.00000,138.46759,1440,1981,0,0,1.00000,4.00000,30.00000
1298212335,6.00000,146.19213,1559,1906,0,0,1.00000,4.00000,30.00000
1298212335,8.00000,134.52737,1868,1865,0,0,1.00000,4.00000,30.00000
1298212335,10.00000,100.57220,2068,1527,0,0,1.00000,4.00000,30.00000
1298212335,12.00000,106.88992,1945,1659,0,0,1.00000,4.00000,30.00000
1298212335,14.00000,124.74792,2112,1825,0,0,1.00000,4.00000,30.00000
1298212335,16.00000,132.44012,2179,2197,0,0,1.00000,4.00000,30.00000
1298212335,18.00000,132.16450,2060,2204,0,0,1.00000,4.00000,30.00000
1298212335,20.00000,169.15010,1725,2903,0,0,1.00000,4.00000,30.00000
1298212335,22.00000,189.67675,1489,2955,0,0,1.00000,4.00000,30.00000
1298212335,24.00000,197.34613,1624,2366,0,0,1.00000,4.00000,30.00000
1298212335,26.00000,211.41862,1634,2688,0,0,1.00000,4.00000,30.00000
1298212335,28.00000,207.93420,1425,2351,0,0,1.00000,4.00000,30.00000
1298212335,30.00000,218.31379,1615,2694,0,0,1.00000,4.00000,30.00000
2875523014,4.00000,194.23817,1995,2565,0,0,1.00000,4.00000,30.00000
2875523014,6.00000,190.41154,1995,2290,0,0,1.00000,4.00000,30.00000
2875523014,8.00000,208.34287,1795,2521,0,0,1.00000,4.00000,30.00000
2875523014,10.00000,213.62118,1710,2738,0,0,1.00000,4.00000,30.00000
2875523014,12.00000,191.36398,1710,2339,0,0,1.00000,4.00000,30.00000
2875523014,14.00000,160.17646,1710,2025,0,0,1.00000,4.00000,30.00000
2875523014,16.00000,152.60475,1433,2413,0,0,1.00000,4.00000,30.00000
2875523014,18.00000,152.71260,1356,2611,0,0,1.00000,4.00000,30.00000
2875523014,20.00000,128.58494,1511,2494,0,0,1.00000,4.00000,30.00000
2875523014,22.00000,130.52301,1367,2640,0,0,1.00000,4.00000,30.00000
2875523014,24.00000,136.93650,1404,2602,0,0,1.00000,4.00000,30.00000
2875523014,26.00000,141.87132,2052,1688,0,0,1.00000,4.00000,30.00000
2875523014,28.00000,151.24231,2231,1425,0,0,1.00000,4.00000,30.00000
2875523014,30.00000,152.13780,2480,1425,0,0,1.00000,4.00000,30.00000
