runName,time,JLE,tp,fp,tn,fn,accuracy,ttfd,vSpeed
1277901399,4.00000,490.48408,285,3990,0,0,1.00000,4.00000,nan
1277901399,6.00000,493.38632,570,12255,0,0,1.00000,4.00000,nan
1277901399,8.00000,468.91364,1140,23655,0,0,1.00000,4.00000,nan
1277901399,10.00000,456.39175,1710,38475,0,0,1.00000,4.00000,nan
1277901399,12.00000,446.76802,2850,56715,0,0,1.00000,4.00000,nan
1277901399,14.00000,443.54532,4048,75182,0,0,1.00000,4.00000,nan
1277901399,16.00000,441.57424,5447,93448,0,0,1.00000,4.00000,nan
1277901399,18.00000,440.12077,7045,111515,0,0,1.00000,4.00000,nan
1277901399,20.00000,438.95837,8873,129352,0,0,1.00000,4.00000,nan
1277901399,22.00000,437.66839,10730,147160,0,0,1.00000,4.00000,nan
1277901399,24.00000,436.71897,12816,164739,0,0,1.00000,4.00000,nan
1277901399,26.00000,435.66582,14701,182519,0,0,1.00000,4.00000,nan
1277901399,28.00000,434.69844,16642,200243,0,0,1.00000,4.00000,nan
1277901399,30.00000,433.58258,18413,218137,0,0,1.00000,4.00000,nan
1277901399,32.00000,432.35773,20671,235544,0,0,1.00000,4.00000,nan
1277901399,34.00000,431.03673,23158,252722,0,0,1.00000,4.00000,nan
1277901399,36.00000,429.67875,25846,269699,0,0,1.00000,4.00000,nan
1277901399,38.00000,428.32991,28677,286533,0,0,1.00000,4.00000,nan
1277901399,40.00000,426.91538,31824,303051,0,0,1.00000,4.00000,nan
1277901399,42.00000,425.53460,34971,319569,0,0,1.00000,4.00000,nan
1277901399,44.00000,424.13281,38261,335944,0,0,1.00000,4.00000,nan
1277901399,46.00000,422.78463,41436,352434,0,0,1.00000,4.00000,nan
1277901399,48.00000,421.40864,44668,368867,0,0,1.00000,4.00000,nan
1277901399,50.00000,420.16431,47872,385557,0,0,1.00000,4.00000,nan
1277901399,52.00000,418.95191,51306,402017,0,0,1.00000,4.00000,nan
1277901399,54.00000,417.76204,54711,418535,0,0,1.00000,4.00000,nan
1277901399,56.00000,416.56175,58402,434767,0,0,1.00000,4.00000,nan
1277901399,58.00000,415.31307,62581,450511,0,0,1.00000,4.00000,nan
1277901399,60.00000,413.97269,67046,465969,0,0,1.00000,4.00000,nan
1277901399,62.00000,412.52557,71884,481054,0,0,1.00000,4.00000,nan
1277901399,64.00000,411.06862,76836,496025,0,0,1.00000,4.00000,nan
1277901399,66.00000,409.57329,82046,510738,0,0,1.00000,4.00000,nan
1277901399,68.00000,408.07254,87285,525422,0,0,1.00000,4.00000,nan
1277901399,70.00000,406.52185,92553,540077,0,0,1.00000,4.00000,nan
1277901399,72.00000,404.96513,97735,554818,0,0,1.00000,4.00000,nan
1277901399,74.00000,403.35511,102516,569960,0,0,1.00000,4.00000,nan
1277901399,76.00000,401.70025,107039,585360,0,0,1.00000,4.00000,nan
1277901399,78.00000,400.02214,111676,600646,0,0,1.00000,4.00000,nan
1277901399,80.00000,398.32982,116629,615616,0,0,1.00000,4.00000,nan
1277901399,82.00000,396.61435,121583,630585,0,0,1.00000,4.00000,nan
1277901399,84.00000,394.84791,126507,645584,0,0,1.00000,4.00000,nan
1277901399,86.00000,393.06356,131430,660584,0,0,1.00000,4.00000,nan
1277901399,88.00000,391.24221,136411,675526,0,0,1.00000,4.00000,nan
1277901399,90.00000,389.38285,141364,690496,0,0,1.00000,4.00000,nan
1277901399,92.00000,387.55930,146402,705381,0,0,1.00000,4.00000,nan
1277901399,94.00000,385.72213,151354,720352,0,0,1.00000,4.00000,nan
1277901399,96.00000,383.91238,156479,735150,0,0,1.00000,4.00000,nan
1277901399,98.00000,382.07123,161489,750063,0,0,1.00000,4.00000,nan
1277901399,100.00000,380.25529,166671,764804,0,0,1.00000,4.00000,nan
1277901399,102.00000,378.44126,171853,779545,0,0,1.00000,4.00000,nan
1277901399,104.00000,376.62299,177064,794257,0,0,1.00000,4.00000,nan
1277901399,106.00000,374.84207,182275,808969,0,0,1.00000,4.00000,nan
1277901399,108.00000,373.07780,187715,823452,0,0,1.00000,4.00000,nan
1277901399,110.00000,371.36108,193241,837849,0,0,1.00000,4.00000,nan
1277901399,112.00000,369.66356,198939,852074,0,0,1.00000,4.00000,nan
1277901399,114.00000,368.01731,204723,866213,0,0,1.00000,4.00000,nan
1277901399,116.00000,366.41133,210679,880180,0,0,1.00000,4.00000,nan
1277901399,118.00000,364.84399,216636,894146,0,0,1.00000,4.00000,nan
1277901399,120.00000,363.34658,222620,908085,0,0,1.00000,4.00000,nan
1277901399,4.00000,490.48408,285,3990,0,0,1.00000,4.00000,nan
1277901399,6.00000,493.38632,570,12255,0,0,1.00000,4.00000,nan
1277901399,8.00000,468.91364,1140,23655,0,0,1.00000,4.00000,nan
1277901399,10.00000,456.39175,1710,38475,0,0,1.00000,4.00000,nan
1277901399,12.00000,446.76802,2850,56715,0,0,1.00000,4.00000,nan
1277901399,14.00000,443.54532,4048,75182,0,0,1.00000,4.00000,nan
1277901399,16.00000,441.57424,5447,93448,0,0,1.00000,4.00000,nan
1277901399,18.00000,440.12077,7045,111515,0,0,1.00000,4.00000,nan
1277901399,20.00000,438.95837,8873,129352,0,0,1.00000,4.00000,nan
1277901399,22.00000,437.66839,10730,147160,0,0,1.00000,4.00000,nan
1277901399,24.00000,436.71897,12816,164739,0,0,1.00000,4.00000,nan
1277901399,26.00000,435.66582,14701,182519,0,0,1.00000,4.00000,nan
1277901399,28.00000,434.69844,16642,200243,0,0,1.00000,4.00000,nan
1277901399,30.00000,433.58258,18413,218137,0,0,1.00000,4.00000,nan
1277901399,32.00000,432.35773,20671,235544,0,0,1.00000,4.00000,nan
1277901399,34.00000,431.03673,23158,252722,0,0,1.00000,4.00000,nan
58289758,4.00000,218.78392,1425,2843,0,0,1.00000,4.00000,30.00000
58289758,6.00000,204.29834,1196,2626,0,0,1.00000,4.00000,30.00000
58289758,8.00000,181.70061,1196,2272,0,0,1.00000,4.00000,30.00000
58289758,10.00000,200.80982,1209,2635,0,0,1.00000,4.00000,30.00000
58289758,12.00000,207.17182,1551,2532,0,0,1.00000,4.00000,30.00000
58289758,14.00000,208.68616,1449,2438,0,0,1.00000,4.00000,30.00000
58289758,16.00000,199.73065,1313,2004,0,0,1.00000,4.00000,30.00000
58289758,18.00000,196.22967,1247,1889,0,0,1.00000,4.00000,30.00000
58289758,20.00000,218.30506,747,2288,0,0,1.00000,4.00000,30.00000
58289758,22.00000,222.06624,863,2655,0,0,1.00000,4.00000,30.00000
58289758,24.00000,201.63337,909,2890,0,0,1.00000,4.00000,30.00000
58289758,26.00000,187.89376,1072,2726,0,0,1.00000,4.00000,30.00000
58289758,28.00000,186.85172,1124,2673,0,0,1.00000,4.00000,30.00000
58289758,30.00000,194.85853,909,2805,0,0,1.00000,4.00000,30.00000
1879422756,4.00000,882.82527,285,285,0,0,1.00000,4.00000,nan
1879422756,6.00000,818.89890,541,1140,0,0,1.00000,4.00000,nan
1879422756,8.00000,953.77420,711,2565,0,0,1.00000,4.00000,nan
1879422756,10.00000,999.52183,1080,4275,0,0,1.00000,4.00000,nan
1879422756,12.00000,1080.44888,1449,6555,0,0,1.00000,4.00000,nan
1879422756,14.00000,1113.65804,1790,9405,0,0,1.00000,4.00000,nan
1879422756,16.00000,1148.62297,2130,12540,0,0,1.00000,4.00000,nan
1879422756,18.00000,1172.87157,2184,16245,0,0,1.00000,4.00000,nan
1879422756,20.00000,1171.86426,2523,19950,0,0,1.00000,4.00000,nan
1879422756,22.00000,1163.62193,2862,24368,0,0,1.00000,4.00000,nan
1879422756,24.00000,1149.79473,3201,29471,0,0,1.00000,4.00000,nan
1879422756,26.00000,1143.82872,3540,34859,0,0,1.00000,4.00000,nan
1879422756,28.00000,1133.01843,4164,40532,0,0,1.00000,4.00000,nan
1879422756,30.00000,1121.77633,5073,46490,0,0,1.00000,4.00000,nan
1879422756,32.00000,1112.51919,5982,53018,0,0,1.00000,4.00000,nan
1879422756,34.00000,1109.43464,6891,59573,0,0,1.00000,4.00000,nan
1879422756,36.00000,1101.15686,7800,66983,0,0,1.00000,4.00000,nan
1879422756,38.00000,1096.94374,8480,75192,0,0,1.00000,4.00000,nan
1879422756,40.00000,1093.41547,9274,83685,0,0,1.00000,4.00000,nan
1879422756,42.00000,1094.04573,10095,92606,0,0,1.00000,4.00000,nan
1879422756,44.00000,1095.58195,10830,102240,0,0,1.00000,4.00000,nan
1879422756,46.00000,1096.77108,11565,111988,0,0,1.00000,4.00000,nan
1879422756,48.00000,1096.54262,12557,122107,0,0,1.00000,4.00000,nan
1879422756,50.00000,1096.32192,13549,132597,0,0,1.00000,4.00000,nan
1879422756,52.00000,1097.51160,14512,143684,0,0,1.00000,4.00000,nan
1879422756,54.00000,1100.57638,15474,155084,0,0,1.00000,4.00000,nan
1879422756,56.00000,1102.83762,16665,166740,0,0,1.00000,4.00000,nan
1879422756,58.00000,1106.56735,17770,179197,0,0,1.00000,4.00000,nan
1879422756,60.00000,1107.48590,18761,192481,0,0,1.00000,4.00000,nan
1277901399,4.00000,490.48408,285,3990,0,0,1.00000,4.00000,nan
1277901399,6.00000,493.38632,570,12255,0,0,1.00000,4.00000,nan
1277901399,8.00000,468.91364,1140,23655,0,0,1.00000,4.00000,nan
1277901399,10.00000,456.39175,1710,38475,0,0,1.00000,4.00000,nan
1277901399,12.00000,446.76802,2850,56715,0,0,1.00000,4.00000,nan
1277901399,14.00000,443.54532,4048,75182,0,0,1.00000,4.00000,nan
1277901399,16.00000,441.57424,5447,93448,0,0,1.00000,4.00000,nan
1277901399,18.00000,440.12077,7045,111515,0,0,1.00000,4.00000,nan
1277901399,20.00000,438.95837,8873,129352,0,0,1.00000,4.00000,nan
1277901399,22.00000,437.66839,10730,147160,0,0,1.00000,4.00000,nan
1277901399,24.00000,436.71897,12816,164739,0,0,1.00000,4.00000,nan
1277901399,26.00000,435.66582,14701,182519,0,0,1.00000,4.00000,nan
1277901399,28.00000,434.69844,16642,200243,0,0,1.00000,4.00000,nan
1277901399,30.00000,433.58258,18413,218137,0,0,1.00000,4.00000,nan
1277901399,32.00000,432.35773,20671,235544,0,0,1.00000,4.00000,nan
1277901399,34.00000,431.03673,23158,252722,0,0,1.00000,4.00000,nan
1277901399,36.00000,429.67875,25846,269699,0,0,1.00000,4.00000,nan
1277901399,38.00000,428.32991,28677,286533,0,0,1.00000,4.00000,nan
1277901399,40.00000,426.91538,31824,303051,0,0,1.00000,4.00000,nan
1277901399,42.00000,425.53460,34971,319569,0,0,1.00000,4.00000,nan
1277901399,44.00000,424.13281,38261,335944,0,0,1.00000,4.00000,nan
1277901399,46.00000,422.78463,41436,352434,0,0,1.00000,4.00000,nan
1277901399,48.00000,421.40864,44668,368867,0,0,1.00000,4.00000,nan
1277901399,50.00000,420.16431,47872,385557,0,0,1.00000,4.00000,nan
1277901399,52.00000,418.95191,51306,402017,0,0,1.00000,4.00000,nan
1277901399,54.00000,417.76204,54711,418535,0,0,1.00000,4.00000,nan
1277901399,56.00000,416.56175,58402,434767,0,0,1.00000,4.00000,nan
1277901399,58.00000,415.31307,62581,450511,0,0,1.00000,4.00000,nan
1277901399,60.00000,413.97269,67046,465969,0,0,1.00000,4.00000,nan
