runName,time,JLE,tp,fp,tn,fn,accuracy,ttfd,vSpeed,validReportsProcessed
2403638998,4.00000,27.18153,8,0,147,12,0.00000,4.00000,30.00000,7800.00000
2403638998,6.00000,30.52013,11,0,147,16,0.00000,4.00000,30.00000,15200.00000
2403638998,8.00000,32.07327,11,0,147,19,0.00000,4.00000,30.00000,18800.00000
2403638998,10.00000,25.63010,15,1,146,18,0.00000,4.00000,30.00000,26800.00000
2403638998,12.00000,26.75007,11,1,146,24,0.00000,4.00000,30.00000,30800.00000
2403638998,14.00000,29.65940,13,0,147,22,0.00000,4.00000,30.00000,34800.00000
2403638998,16.00000,43.96183,20,0,147,18,0.00000,4.00000,30.00000,43000.00000
2403638998,18.00000,69.69709,15,0,147,25,0.00000,4.00000,30.00000,47200.00000
2403638998,20.00000,37.25114,14,0,147,26,0.00000,4.00000,30.00000,55000.00000
2403638998,22.00000,36.88267,11,0,147,30,0.00000,4.00000,30.00000,58600.00000
2403638998,24.00000,56.08052,19,2,145,22,0.00000,4.00000,30.00000,66400.00000
2403638998,26.00000,73.53577,16,1,146,25,0.00000,4.00000,30.00000,70400.00000
2403638998,28.00000,66.58822,10,1,146,31,0.00000,4.00000,30.00000,74000.00000
2403638998,30.00000,54.00245,16,1,146,27,0.00000,4.00000,30.00000,81400.00000
1455070050,4.00000,61.06113,3,0,147,15,0.00000,4.00000,30.00000,8200.00000
1455070050,6.00000,35.73975,11,0,147,14,0.00000,4.00000,30.00000,16000.00000
1455070050,8.00000,49.67746,8,0,147,22,0.00000,4.00000,30.00000,20000.00000
1455070050,10.00000,29.18898,13,0,147,24,0.00000,4.00000,30.00000,27800.00000
1455070050,12.00000,1.14433,10,0,147,27,0.00000,4.00000,30.00000,31400.00000
1455070050,14.00000,11.38043,9,0,147,29,0.00000,4.00000,30.00000,35400.00000
1455070050,16.00000,37.43335,13,0,147,26,0.00000,4.00000,30.00000,43400.00000
1455070050,18.00000,37.51115,10,1,146,30,0.00000,4.00000,30.00000,47200.00000
1455070050,20.00000,41.55878,16,1,146,25,0.00000,4.00000,30.00000,55200.00000
1455070050,22.00000,67.44492,9,1,146,33,0.00000,4.00000,30.00000,59000.00000
1455070050,24.00000,58.08037,13,1,146,30,0.00000,4.00000,30.00000,66800.00000
1455070050,26.00000,54.06692,10,1,146,33,0.00000,4.00000,30.00000,70800.00000
1455070050,28.00000,53.09631,13,1,146,30,0.00000,4.00000,30.00000,74800.00000
1455070050,30.00000,61.13146,14,1,146,29,0.00000,4.00000,30.00000,82800.00000
2190396934,4.00000,143.51184,2,0,147,13,0.00000,4.00000,30.00000,8000.00000
2190396934,6.00000,74.27394,6,0,147,13,0.00000,4.00000,30.00000,15800.00000
2190396934,8.00000,73.16208,7,0,147,15,0.00000,4.00000,30.00000,19600.00000
2190396934,10.00000,89.54402,11,0,147,15,0.00000,4.00000,30.00000,27200.00000
2190396934,12.00000,71.76467,7,0,147,20,0.00000,4.00000,30.00000,31000.00000
2190396934,14.00000,79.80411,6,0,147,24,0.00000,4.00000,30.00000,35000.00000
2190396934,16.00000,78.50562,13,0,147,21,0.00000,4.00000,30.00000,43000.00000
2190396934,18.00000,69.03881,11,1,146,24,0.00000,4.00000,30.00000,47000.00000
2190396934,20.00000,48.02852,10,1,146,27,0.00000,4.00000,30.00000,55000.00000
2190396934,22.00000,47.14656,4,1,146,33,0.00000,4.00000,30.00000,59000.00000
2190396934,24.00000,54.46766,10,2,145,27,0.00000,4.00000,30.00000,67000.00000
2190396934,26.00000,64.40702,6,1,146,31,0.00000,4.00000,30.00000,71000.00000
2190396934,28.00000,99.46444,6,2,145,32,0.00000,4.00000,30.00000,75000.00000
2190396934,30.00000,77.84780,10,1,146,32,0.00000,4.00000,30.00000,83400.00000
2474576761,4.00000,32.14540,6,0,147,15,0.00000,4.00000,30.00000,7600.00000
2474576761,6.00000,33.78234,10,0,147,17,0.00000,4.00000,30.00000,15200.00000
2474576761,8.00000,81.62884,10,0,147,19,0.00000,4.00000,30.00000,18800.00000
2474576761,10.00000,73.79021,12,0,147,19,0.00000,4.00000,30.00000,26000.00000
2474576761,12.00000,50.38733,6,1,146,26,0.00000,4.00000,30.00000,29600.00000
2474576761,14.00000,48.67648,8,1,146,30,0.00000,4.00000,30.00000,33600.00000
2474576761,16.00000,45.43265,16,1,146,23,0.00000,4.00000,30.00000,41800.00000
2474576761,18.00000,48.54447,11,2,145,29,0.00000,4.00000,30.00000,45800.00000
2474576761,20.00000,40.60540,18,2,145,24,0.00000,4.00000,30.00000,54200.00000
2474576761,22.00000,54.83253,13,0,147,30,0.00000,4.00000,30.00000,58400.00000
2474576761,24.00000,57.73936,19,0,147,24,0.00000,4.00000,30.00000,66800.00000
2474576761,26.00000,40.42131,18,0,147,25,0.00000,4.00000,30.00000,70600.00000
2474576761,28.00000,49.61363,14,0,147,29,0.00000,4.00000,30.00000,74600.00000
2474576761,30.00000,54.06725,17,0,147,26,0.00000,4.00000,30.00000,83000.00000
3635152766,4.00000,105.17259,2,0,147,14,0.00000,4.00000,30.00000,8200.00000
3635152766,6.00000,44.65722,7,0,147,15,0.00000,4.00000,30.00000,16400.00000
3635152766,8.00000,44.77022,9,0,147,18,0.00000,4.00000,30.00000,20400.00000
3635152766,10.00000,23.41142,13,0,147,17,0.00000,4.00000,30.00000,28200.00000
3635152766,12.00000,34.36967,10,0,147,21,0.00000,4.00000,30.00000,32000.00000
3635152766,14.00000,74.54847,8,0,147,24,0.00000,4.00000,30.00000,36000.00000
3635152766,16.00000,51.05429,13,0,147,23,0.00000,4.00000,30.00000,43800.00000
3635152766,18.00000,65.24766,13,0,147,26,0.00000,4.00000,30.00000,47800.00000
3635152766,20.00000,71.24943,19,1,146,20,0.00000,4.00000,30.00000,56200.00000
3635152766,22.00000,65.77650,13,2,145,26,0.00000,4.00000,30.00000,60200.00000
3635152766,24.00000,83.59235,18,1,146,21,0.00000,4.00000,30.00000,68200.00000
3635152766,26.00000,81.29715,14,0,147,26,0.00000,4.00000,30.00000,72400.00000
3635152766,28.00000,59.98062,12,0,147,28,0.00000,4.00000,30.00000,76600.00000
3635152766,30.00000,59.79691,20,0,147,20,0.00000,4.00000,30.00000,84600.00000
